552
2919
3150
828
369
456
957
1224
1065
2691
402
1353
1443
1215
2031
2241
315
750
2973
1002
864
570
1011
2199
2049
1074
1173
1011
561
204
1515
1008
2337
1503
1482
861
2625
1509
1494
1473
5631
2040
1281
3270
1413
2892
2031
507
354
1959
1215
318
939
672
684
2271
2730
2232
2397
3177
2406
2601
474
1461
1806
3633
654
1323
1872
2457
1149
1257
1623
1002
2367
3804
1569
309
411
858
3078
321
804
1002
1074
615
432
1551
1434
495
1443
1095
1485
1851
393
1542
2928
483
1641
1917
1119
1986
252
2262
432
1752
3405
1485
957
1047
351
1635
1047
747
3642
735
1008
1080
903
3567
2580
1545
4167
2571
384
516
789
744
1644
345
2697
1140
1653
999
1407
1761
1110
1662
2619
2685
2190
1221
729
807
936
855
1617
2136
1104
4287
1893
3387
2967
378
2127
924
1959
2988
1140
1101
2139
549
1008
966
2058
3420
1029
2025
279
879
1383
234
282
3228
912
1236
261
285
1050
1911
1068
1464
1656
579
276
483
2889
459
474
1392
1266
1497
1104
1014
735
1878
1494
3201
1209
2835
669
1671
1194
1386
954
2349
501
3456
1443
2265
1581
1575
1590
1167
1587
1581
1578
1191
3432
2487
546
1587
462
513
387
495
597
354
549
582
1230
1404
3141
1590
1029
402
1029
237
1410
675
3258
1782
1164
1326
615
2580
657
2091
1926
2382
255
2328
1077
1170
2334
972
825
2037
762
633
825
870
1620
897
1983
546
1401
546
1398
1230
1350
918
1521
792
210
2313
600
612
1398
1002
1008
789
945
1152
1479
1275
660
666
1011
795
204
1419
3867
2040
2388
519
3060
291
2748
2835
489
2046
1455
2136
1989
774
1662
1791
3516
3726
1992
834
576
2586
1287
468
1536
1782
1878
345
4383
834
837
312
1524
534
1353
471
867
3237
675
1479
1107
1938
564
942
2466
1608
630
2760
297
1371
1035
3831
723
1836
2055
996
2412
1512
1434
834
1566
498
276
2112
843
2292
1113
1137
1086
4308
918
1662
2637
1188
369
2589
1728
948
2187
1446
354
3039
219
3717
3879
960
240
1800
459
1152
777
1311
660
498
420
2499
1353
321
1419
2655
1107
972
1575
3741
789
729
1050
2025
885
1767
2535
1659
2406
1311
603
747
3840
4566
1416
1266
840
1725
1479
720
3288
1710
906
1878
1551
999
2970
3114
1338
810
453
663
672
705
993
3147
291
3345
2502
501
1698
1518
750
1458
708
765
3264
1383
1608
1089
2448
1050
213
399
1041
1419
447
978
225
2745
1191
1698
282
243
795
351
342
912
516
4911
285
2904
1761
2574
3471
2064
543
1869
1143
807
1065
246
1254
1578
2322
1146
720
1389
945
867
1377
417
1332
5382
774
498
819
2043
2157
3735
945
666
1284
1935
306
489
723
342
927
1131
306
2223
1035
2100
1284
441
3336
339
1722
2367
1197
579
2313
1884
3057
1113
1332
1236
1131
1383
645
7422
837
5166
3348
4287
1101
2508
6477
1488
1086
1638
681
240
1356
1260
645
435
4185
1353
1227
453
1017
597
261
1062
1251
1494
738
1275
1134
1251
1377
210
618
1719
738
1746
417
1194
2883
1737
2919
921
558
690
1986
663
969
921
4032
1719
2805
1128
597
1995
1566
1860
1743
816
3702
2577
924
2541
924
2541
1134
3561
615
1017
1983
2910
2013
1332
987
939
1227
1353
783
417
1821
1224
678
900
2865
282
1650
6075
585
3222
2613
1488
351
2001
600
1464
1668
1524
1935
648
795
828
1290
3612
1524
1875
2139
1230
1854
549
2727
480
639
1494
3975
903
2508
2913
1143
771
1107
591
1746
1791
2499
2079
3717
1782
2745
3240
1131
3969
2388
729
1158
1347
1803
1200
720
528
1200
2397
1158
258
1305
1626
3504
1494
615
2118
1269
1164
843
1173
1395
1737
1863
1755
1728
1161
1455
1692
978
1776
258
1065
2526
1143
1734
1239
1791
1014
10803
426
1872
1731
930
1410
1716
1623
2772
1467
900
2781
1245
1887
1437
471
1536
1740
2547
1623
1650
1908
4704
2598
495
747
1125
696
3210
966
1188
567
705
1902
1209
2793
387
234
879
780
9756
318
459
864
2004
2838
762
2685
2781
1275
1518
1662
2178
1392
1164
6195
972
774
2739
378
1224
879
2682
387
753
2709
1329
3411
2505
621
1011
2448
1650
3120
945
657
762
903
1353
4239
1077
927
1557
1056
513
474
3312
4941
1677
4191
993
1047
4800
1413
1545
510
2115
2229
1908
732
618
963
5781
987
2199
1887
1482
1371
609
3237
1407
2973
651
921
291
942
1731
1113
360
1242
354
1662
258
612
1347
825
3990
987
1344
2049
4044
1161
1488
840
921
1767
861
408
414
1065
1281
1002
246
1080
243
849
765
3906
570
1560
477
3495
1386
2160
585
5694
396
504
807
600
915
906
1833
1914
1797
3147
1038
582
1611
864
1458
1434
573
1584
1476
924
957
2559
1242
825
4530
321
1263
555
825
843
2430
261
567
525
4836
2517
573
2391
324
954
1776
4296
1476
1503
1191
1041
1614
1254
1020
720
375
834
570
2079
1185
2562
771
3705
273
1773
3378
1470
762
984
2079
2283
969
2541
1206
588
3255
558
354
201
1869
1392
3363
510
459
510
1770
1461
1767
1332
321
648
2166
3246
3153
978
978
774
5490
1593
819
1596
1716
612
666
1527
1728
495
2460
981
2322
576
861
2790
486
624
357
1503
1200
474
774
1596
1476
1467
1371
2925
2121
1449
1089
1110
1008
369
936
1875
684
1077
909
258
1479
276
645
222
324
1542
1191
5253
1167
960
858
765
2760
1158
1926
1539
1179
639
828
243
762
1176
825
255
288
300
321
1050
1545
1746
1539
1539
693
990
1422
1467
960
1428
2199
1671
2214
1731
882
435
948
2286
918
477
201
510
654
1371
3198
1296
924
1281
228
1731
4002
1068
1335
912
813
2109
1164
2229
1719
246
960
2340
1047
813
1374
273
681
714
360
588
1152
1035
288
864
807
1527
372
549
1767
1725
780
2505
339
924
1032
1077
360
1293
1086
609
1086
765
1029
1083
306
924
2796
2289
300
1824
2271
1422
867
975
1347
1260
1260
735
7665
879
1758
1731
1314
6210
747
1554
1767
1143
1260
5286
1266
1431
1188
1323
1137
6963
1173
2313
1719
873
1098
978
426
426
540
744
3243
1023
2202
1464
300
1533
678
1500
2241
897
1527
1626
1485
1494
1293
1734
1383
1779
468
2286
474
549
3198
3474
2214
528
660
1845
903
1389
1326
2814
2166
282
714
720
942
891
864
714
606
591
540
2610
699
1746
711
1086
1386
534
1197
252
888
234
1587
4188
1929
1929
1578
2895
2982
471
723
3330
1188
1599
1317
1605
2094
522
240
966
1191
1929
1260
1776
261
2043
1596
1158
1416
909
585
1398
543
6237
1449
1719
225
213
225
975
750
3162
405
678
1722
2001
336
588
507
945
1122
669
1512
720
618
3060
2283
1359
1329
1083
1212
2889
1329
1371
996
327
1185
558
1332
231
1053
909
708
600
1125
2847
495
1386
738
474
756
552
258
5121
570
369
3756
4920
465
4623
5058
1173
711
726
570
369
303
2067
465
834
4275
2562
1323
357
438
639
981
897
336
3810
993
972
360
918
1107
726
1305
969
507
690
993
6678
5514
537
507
1515
237
3201
483
297
1533
855
273
210
435
360
561
1539
609
1653
1122
984
477
1314
1821
1266
585
471
726
714
1698
3924
2031
2703
984
510
1326
420
1011
1071
1791
252
1557
1149
261
1911
918
1155
363
1683
2163
699
1404
1053
972
2709
1791
1023
1152
1371
1296
1461
1704
4467
660
675
1620
1347
1548
1548
1986
1200
270
1602
6033
2619
1638
2136
651
1716
1626
1563
810
1800
489
621
2970
1725
702
384
204
1371
1617
1032
6213
1380
4176
1056
234
564
1491
876
3312
1767
468
795
2694
543
957
333
1155
3651
897
3111
327
369
552
843
450
963
744
3399
1470
1062
1485
1308
1212
1548
1254
780
1635
759
567
2175
2283
2184
711
1395
861
3051
8157
2538
1104
600
1023
2010
6213
2295
624
4941
666
5331
1017
1491
528
2646
2133
2685
1116
2307
1641
456
3480
258
2781
1695
930
1092
1230
2727
1746
1059
2094
2178
615
1086
2760
1095
585
1257
1185
318
1119
1470
2046
555
1863
543
1704
1179
1398
3924
561
1644
546
1959
714
378
597
4131
2595
1761
1029
1422
2157
1023
1209
1662
378
1368
1044
849
744
1170
1227
1746
1296
1110
2967
843
2871
5055
1098
1044
3375
1047
336
2643
1446
1041
1050
915
1053
1017
1176
702
897
1266
237
1677
1686
2721
1059
1011
2418
1827
1236
2049
1284
2481
957
948
699
3957
333
1221
1614
252
1731
1416
630
2376
2832
2262
5493
2886
819
1938
2295
1689
3861
2844
660
717
915
981
3417
2607
3660
2889
813
792
942
390
4032
2382
1332
1407
2136
1659
984
1848
1452
798
1767
1041
282
1371
300
2661
7224
768
204
1350
612
1233
318
354
900
1008
552
909
3339
2385
4203
1023
1242
1230
1038
1482
2556
1188
1032
1710
564
582
2385
2001
552
456
1080
258
1125
1761
447
210
411
2679
1056
834
1818
2064
1026
864
1761
648
642
1506
2598
612
915
1380
6231
2991
1152
1191
258
342
417
900
648
1083
5250
1023
672
2202
2607
885
4584
1779
3399
3858
1719
1104
723
1554
594
540
4863
3336
1113
285
2928
1869
678
1269
3777
1113
468
1314
2409
432
282
633
372
1482
1815
2499
1341
2760
714
2442
828
528
477
744
1218
759
558
1590
1116
2553
1395
879
1944
1638
2322
648
2796
1350
3156
1671
2817
10596
1734
1566
507
2532
1563
1332
657
939
1977
2430
651
1134
4323
1458
468
303
2283
549
4179
1743
690
546
2511
1113
768
990
1593
1134
1152
1224
1137
1062
489
645
3465
2622
1677
963
597
1128
759
1032
1026
960
519
1212
1173
1470
1209
1623
8433
798
840
2442
1347
1548
1140
1875
606
786
2265
1056
1110
1401
2298
1797
1278
648
2106
627
1080
444
1428
3129
1872
2010
1887
645
2142
636
1953
1593
1269
3123
957
1500
663
2934
2163
2958
4803
1299
2934
384
255
1023
2673
1698
408
1422
1155
636
3168
1785
945
1584
1350
816
1404
1839
1074
609
1203
1431
1734
1332
1254
723
792
693
2562
1584
285
213
1674
1104
792
516
1641
1731
402
1086
969
1797
2091
1692
363
288
1335
210
582
1113
969
1026
876
543
486
1170
1827
1569
2271
1383
498
1770
1707
1644
1095
2691
1509
1347
555
243
2697
2322
1524
1002
357
219
2346
1398
1287
2844
684
3756
255
1149
1392
1722
2463
4089
546
852
1917
702
1386
1296
1317
1350
1896
735
1833
1098
1401
417
1977
2118
543
948
969
1296
396
1530
603
1152
3138
1017
2055
378
4209
2187
1023
2487
1650
1950
1311
2181
1236
561
1482
1668
1896
606
1500
759
294
690
603
1365
837
2781
2874
2454
2163
1527
5526
1758
2934
732
1938
858
1923
2601
927
501
3255
1743
3444
5676
1131
762
1605
342
549
621
999
2691
561
432
576
2556
1530
1545
1872
561
1005
201
1461
1248
660
1089
747
684
657
1020
1611
534
1434
792
2781
2391
402
1056
270
693
669
675
1584
543
5781
867
609
2103
1236
657
771
552
2625
936
1629
942
639
1077
4098
243
1803
1476
702
765
666
795
1695
1227
849
1146
1209
669
2847
1425
927
1284
996
255
1449
1299
573
858
708
1302
1110
1689
279
1536
228
1227
1098
627
1641
2733
5616
540
921
1956
1728
1125
963
735
273
1146
2109
1200
1530
1974
2673
1374
1140
546
3612
840
1407
303
789
1473
1341
2061
501
723
1113
3237
2085
852
6240
1299
1485
888
363
1098
2892
495
213
1404
1398
693
1512
984
2439
348
498
465
1119
849
594
1353
2922
3366
1425
609
2043
1773
1920
528
3651
1065
3462
618
1173
915
960
3231
2268
3018
1983
1473
645
603
3171
1056
1062
1605
5364
633
2682
1086
1611
564
876
1131
1167
1623
1089
360
1860
1677
798
762
1620
1014
1272
564
1251
948
579
594
936
4146
1527
942
657
1074
3189
1359
2841
606
501
1470
1929
999
1395
810
1032
435
243
414
858
2124
570
1305
2067
765
2448
1128
381
1374
1872
1254
1293
765
564
384
1542
501
684
873
1851
2454
1179
891
633
2520
1005
1755
1821
1521
1725
1584
1284
804
1740
1080
1203
1761
2502
2337
1203
3819
1581
1992
552
3780
4608
1152
2010
1575
867
1998
921
1194
546
1038
699
1992
2202
4608
1368
1983
1266
1983
1314
876
1056
2907
2106
4608
2907
1797
1002
3975
720
1029
1581
963
1827
507
2094
720
1107
2133
1236
1242
996
735
528
1332
816
750
786
2280
285
792
1134
4209
1959
3954
819
1257
933
1362
357
777
1596
2349
624
789
2805
1809
552
2646
1857
4806
1401
255
576
3618
1587
831
1518
2850
1122
1554
1557
465
642
2184
1116
948
2544
2637
684
795
2697
3945
1080
4410
2847
801
264
2073
1743
1020
555
939
1695
1155
987
888
1062
354
675
933
846
1737
306
1641
681
804
3228
234
1638
228
1230
534
1239
573
1437
1323
1500
1722
2505
1554
2346
354
240
1221
672
2448
399
2367
2427
1032
1995
420
828
561
231
1557
276
1161
909
1482
2838
1128
2190
234
405
3861
1029
1128
243
2124
381
1230
609
1707
1077
849
264
1803
2355
4296
864
900
999
2022
2145
2259
1692
708
1056
1992
855
1575
2865
846
927
1539
1536
1035
1008
1014
1650
1212
1902
1578
903
927
1770
783
906
906
1119
1419
1452
213
2766
339
339
894
3729
243
906
2730
1140
597
2421
891
2040
882
561
588
594
861
444
816
702
891
1365
2382
1035
1431
858
2523
2868
2232
1002
4635
2073
615
1758
2106
2448
2055
2307
2247
2343
2121
345
345
336
927
1740
2598
711
1428
2370
585
2619
2511
2550
1551
2673
1650
3570
1563
1065
738
207
486
1674
987
1227
1743
570
345
381
2265
1080
1431
972
1629
2088
594
6060
678
2280
369
1854
669
1122
369
1683
345
810
2508
2595
735
456
1494
1989
345
1635
3132
1713
858
489
492
519
2988
1908
234
1890
2796
1173
318
2115
852
1344
549
2403
1437
324
396
921
720
1281
612
240
426
633
1074
1140
213
978
756
957
1476
1911
765
2154
2103
1644
1515
2016
1512
1251
2139
2103
2163
4281
579
2025
1761
5058
1041
1107
3210
612
330
4419
2631
1107
915
1560
723
1194
2754
372
1515
2016
363
867
2148
918
483
2145
1842
2199
2106
2004
393
1767
3087
3273
1965
2061
2067
1614
1230
1302
579
564
1011
684
618
573
435
4272
1077
573
573
1935
1287
621
2115
729
2046
4056
1758
693
969
1230
1503
360
1155
1554
423
348
357
363
1530
720
1593
1218
360
2601
1257
312
4113
1095
360
339
357
357
480
1509
594
357
360
684
2793
1308
363
1200
912
900
945
399
333
213
453
4359
378
315
282
429
210
891
546
3549
795
2364
4317
678
636
645
1233
1389
1029
1854
2562
1497
5790
1356
807
501
1239
498
696
1272
3381
1584
717
8532
1344
1803
1551
1116
2445
702
924
4914
981
2991
2148
1440
1299
969
432
1947
447
357
1341
840
2103
1425
906
3468
1329
522
1986
1743
921
2340
2442
1842
249
621
2646
2130
210
885
216
645
1569
705
1068
783
3726
513
654
1284
2736
2838
2475
3519
1455
1041
4968
459
1047
1209
1665
507
1803
2658
3441
2811
3537
1851
1359
1197
6078
1557
1344
2658
1647
1209
4683
1059
1476
990
918
948
525
1452
1170
1017
879
417
1107
1368
4644
1152
534
1230
984
1542
483
351
306
579
1611
3207
1635
291
687
2388
459
3033
417
1002
1272
4443
3018
2487
1107
6777
381
840
2049
2931
333
5820
1455
1935
1287
1740
381
1017
723
1131
1551
1692
1731
789
2259
531
1704
4083
1335
2283
1200
1968
3024
2400
1650
2490
255
1653
405
2598
1467
1818
1842
369
1803
2289
1155
1899
1929
363
252
993
2076
7080
1587
1344
1341
1551
3432
636
1479
1413
747
7086
1188
1020
1698
1197
393
1872
1362
789
357
1593
1776
3897
543
1386
2955
363
1089
1893
1059
480
714
243
1881
858
6534
303
1401
1047
1038
2229
690
1491
228
1125
810
1062
615
1161
1338
5931
3690
1230
1422
1554
696
2424
2499
3141
939
1899
1395
2385
9162
1137
519
3135
2343
1830
3042
924
1482
2538
1431
1704
1803
999
510
3120
351
258
1557
276
1404
1287
930
2316
3120
390
963
783
1047
1128
1371
2004
4995
468
300
1011
399
813
1062
1467
363
495
1230
489
564
1029
675
1545
1041
345
2019
2913
1263
1500
1782
687
738
1605
615
828
1239
792
912
939
2436
741
555
789
579
498
2202
1059
630
1110
621
1107
1779
618
1881
4299
3627
2124
978
1053
459
423
2484
498
1875
1857
684
432
4824
837
2586
3237
2655
2997
2457
330
2883
3201
1503
981
2718
396
2979
1977
951
1434
1797
2301
2982
969
324
6711
2151
2025
1683
903
1305
264
1719
1671
468
798
342
2985
2139
1077
3336
1290
4698
1230
1005
1365
1020
801
1755
1326
2025
774
2130
1689
711
600
1698
999
1083
3975
1806
450
381
849
1635
1278
1728
780
960
1083
1671
1707
510
987
669
303
1365
1233
1485
1998
708
474
1761
1266
1737
2553
1131
1404
765
507
4608
2919
504
2283
2010
1743
2331
1167
1077
1926
1509
471
627
1956
906
1107
1602
438
912
783
3243
387
996
1590
1329
1113
4428
1515
1107
3348
507
1185
708
1818
1467
417
327
1098
294
1431
492
2493
1311
1209
1665
1071
2022
1161
1365
993
354
1008
678
651
1779
1410
465
1092
2061
765
348
273
3252
279
1506
2208
2325
1500
1302
1161
4398
255
2802
5499
1650
2601
2760
723
1011
1020
1008
954
2142
5046
228
657
243
699
1659
1965
1386
1380
2712
2562
1776
1980
4560
549
501
240
828
309
537
687
342
3549
1203
594
732
1434
1122
897
630
1245
2766
546
1455
1095
444
630
1182
2556
1362
606
1278
4440
2238
1662
204
414
312
4512
1752
948
579
492
741
2046
2553
387
1854
1143
2106
477
828
3216
258
843
1038
780
462
573
588
726
1959
2445
969
1512
1509
624
1854
1116
918
1185
1161
1089
2730
909
216
1155
1401
2724
1869
207
2808
1452
1461
900
1440
1107
3453
507
681
606
1314
924
747
4353
4317
1605
1605
1962
852
927
1377
1962
660
951
2214
3474
1314
1488
681
1050
276
1062
1551
1803
1518
1089
3090
648
1815
1092
1857
1014
1026
276
939
1590
1341
831
1017
1068
1047
1044
1053
1023
1845
213
999
1962
1296
849
393
837
3951
345
924
912
1347
747
1314
1476
1425
1743
1410
1878
807
420
5214
1311
231
774
621
1296
1218
2307
1194
621
801
1671
1719
1578
1332
1629
2301
600
234
1584
2307
876
1770
939
1410
933
1080
1785
2172
2382
1194
285
1563
2241
2637
894
2253
840
294
417
1524
2973
801
2526
546
621
693
1581
1518
1398
750
213
1587
2250
345
5100
1446
432
2403
5274
507
498
1413
4800
1047
1716
2949
1107
1566
1515
909
1122
3789
447
1491
1623
1572
1230
411
1071
246
1224
396
1305
684
645
1008
3513
3102
4473
630
825
786
993
4191
627
1185
489
573
1515
1935
684
585
477
879
618
1800
279
513
1593
303
948
2199
2355
2010
546
1668
2217
1710
6090
2163
663
1542
2814
453
1242
1026
1944
1515
1455
741
1482
744
1389
456
828
1107
3309
408
846
870
981
693
543
789
468
1065
228
2718
294
276
1611
2388
798
801
2043
3627
1701
744
1815
2589
1752
1671
417
1218
654
618
1509
786
3615
1614
582
2322
5049
1425
1896
690
576
1152
5196
1155
1401
417
1107
1683
819
3618
2580
3294
3261
2703
1995
729
3399
447
1587
858
1596
1869
1974
777
504
972
1719
2808
1107
1512
573
780
2508
1773
1290
1407
1299
1866
558
1650
1494
1857
1248
282
1578
1107
3222
3012
864
687
1071
4140
3372
2406
2736
3039
942
1401
1245
387
1128
2259
252
1863
1734
891
303
1938
867
1617
1530
657
810
498
657
1896
2643
837
654
618
423
3894
1701
1380
651
1341
1842
4356
351
1722
246
312
207
258
759
2586
453
2436
1038
399
1917
282
438
618
1317
2238
6132
945
1149
1707
888
3417
543
273
1011
813
1194
1230
420
459
849
1380
1335
3936
1212
1347
1272
1392
1209
480
1602
1275
1452
1140
702
1428
213
519
408
2007
1113
1674
1674
3081
1473
1254
1497
3027
1353
723
2178
1314
1056
1314
618
1296
603
579
1068
1629
2604
1326
996
750
384
1251
501
2484
1881
882
3090
1077
1143
1002
2046
549
333
642
1968
2187
798
1086
1179
579
210
432
1257
348
342
2769
666
3921
3018
1287
1635
618
2607
1077
318
1473
315
1572
1146
633
975
303
825
969
3393
933
2616
1146
1635
201
918
1734
279
273
2142
1674
1266
1164
5775
330
1329
906
480
531
1125
1860
1581
210
1011
1167
348
882
375
1824
2055
468
1431
3234
408
1053
870
1086
966
723
753
633
1143
1464
909
1323
1233
630
771
273
636
1983
2757
915
768
1662
1293
2331
1536
948
885
3087
1485
4026
1752
2826
651
1689
504
2574
1245
702
1455
1989
831
576
1929
2004
3096
1998
900
960
843
2700
1785
1134
1461
660
222
1122
1116
1008
636
1068
1707
1041
1404
330
1824
1068
1236
222
378
1296
474
852
1530
6990
8208
2049
1668
438
285
606
696
492
1380
1020
1755
1185
702
1161
1767
513
2031
3336
252
3966
882
2112
2481
1410
237
387
1221
243
399
1338
912
825
948
384
1842
4203
1170
915
303
3345
1296
837
1527
543
531
3876
3120
4785
738
1383
753
3339
882
1329
2553
933
930
1149
2307
1065
876
2673
1359
2937
702
1158
312
3099
1767
3735
5784
663
972
600
1329
1062
1215
648
3066
2064
903
1443
3111
1725
1560
882
2313
2106
1050
1545
4797
1506
1830
4080
7059
882
1617
1335
1533
1599
537
1980
1509
1008
2277
900
885
1959
285
1083
447
2052
1446
201
1128
3102
486
981
996
261
549
2169
2046
2244
1779
333
2694
1632
1320
2547
1383
2508
510
1680
894
525
1836
1209
243
1434
471
1860
627
1134
3051
1008
489
1890
1512
2388
5049
1281
411
252
1500
1941
1314
285
255
741
321
1905
1224
1134
963
3972
1536
1938
1371
1257
996
726
2181
1095
1128
1116
2256
954
2673
3327
252
807
693
1119
3978
1659
891
567
831
1122
951
960
798
651
999
4092
4701
1023
921
762
570
2340
252
951
2097
684
1818
1776
1677
1605
3540
426
1329
204
1242
534
411
2652
603
381
993
747
2736
1044
843
1671
426
1683
1920
1674
1644
1305
1113
1110
1104
2640
4941
1257
2214
984
1062
1566
1269
1773
1641
1950
1653
1764
1656
393
951
2247
711
1635
1209
1203
3300
996
870
1473
825
1008
3051
771
513
1089
1104
3774
507
1275
6045
1044
627
699
834
1383
2271
1092
1425
1854
1158
714
1659
639
1542
4491
1506
594
261
1989
987
744
723
1776
2076
2031
1494
1743
951
876
1095
1692
1773
1590
855
831
396
1608
855
831
1635
846
558
1629
855
816
3882
819
489
819
489
765
846
816
1002
813
1374
507
3453
1107
4875
1716
1893
4653
306
2271
492
2760
2703
2613
1851
1980
738
2184
1815
1008
1008
1053
1293
384
1287
3228
822
1431
1275
696
933
1716
1680
1332
2670
1833
2019
1722
1731
2094
267
1698
1644
558
1806
756
1710
231
1551
2193
747
594
912
981
1074
738
3225
1356
1053
549
738
618
1944
3048
1356
1164
1389
1143
3246
1896
966
936
339
1554
1227
1605
966
768
1047
3279
2385
3297
1494
315
504
336
1470
753
426
1128
1359
1935
813
207
219
276
234
585
984
849
780
1473
2115
249
1971
1278
249
288
645
3096
1458
2076
1716
507
1821
288
645
4422
393
996
4191
4143
558
2100
678
1950
228
1452
258
222
1116
2121
1707
1341
2571
795
750
714
642
3429
792
1059
2394
1017
1284
1026
1071
837
1332
1308
1518
1986
3738
297
1209
1554
2664
591
588
1044
4191
996
333
1224
1224
3498
1719
1371
1005
1002
771
1338
5586
525
543
1413
1755
762
1128
696
1530
3828
2292
2010
468
1980
921
1653
897
2010
681
1737
2853
489
762
2013
4155
2799
1227
1989
2013
984
3828
2409
1797
2655
1455
855
2358
2919
675
1731
4767
1152
993
1443
381
1365
1668
1941
507
591
444
330
693
1257
507
936
585
897
882
609
1935
1542
1770
1530
750
1101
564
276
939
261
1938
2295
273
1125
2208
1125
1167
1158
6162
4989
2055
486
888
447
1116
717
1155
2670
414
1593
1545
2430
2628
2601
2070
312
615
2559
2631
624
2049
561
225
1806
1353
339
924
1701
363
2433
663
852
282
1194
792
2631
894
1743
1638
507
2421
276
1599
1134
639
408
846
435
1842
1455
564
1530
582
267
2985
984
1140
1752
1395
2079
1146
2670
1947
705
549
1107
3453
507
1863
3921
4272
1710
531
219
627
1014
342
1329
849
330
1095
480
558
2706
2709
525
2325
2559
2520
408
954
891
1053
1116
1299
816
729
270
243
1008
504
204
2217
846
8130
2658
2880
1653
306
456
420
1407
2064
786
543
4371
2277
975
2100
411
879
1596
513
528
2409
864
2187
2127
2100
2121
2058
1560
324
1743
759
2265
2142
1413
840
234
2496
678
681
1560
1956
1143
2841
1044
228
2310
2562
3786
810
2154
375
1284
330
348
2832
528
207
1023
675
1662
3738
2679
981
1170
1140
522
1020
498
1287
420
3168
1020
579
1095
1410
537
1701
834
2454
903
2082
2781
5682
381
1014
2319
2022
603
435
534
567
3090
1638
8022
915
2469
1056
1482
3330
360
1077
2418
1803
5142
438
2751
3660
2697
2322
255
444
828
999
510
3075
351
1542
1869
1392
1746
1638
1161
405
4950
1398
1056
846
597
960
642
942
960
420
1566
2151
876
2550
453
1080
225
1893
1602
237
903
4137
1590
984
4512
789
1101
3432
1206
2814
936
273
300
1347
1299
846
3774
1107
498
1113
1347
474
462
1713
1296
2286
1641
2529
1536
993
462
1344
267
303
1302
798
1155
1446
2493
597
495
273
1761
1668
1602
417
852
2826
1743
207
288
627
1014
237
303
900
1266
2541
2424
3666
975
1296
1302
750
522
2877
1011
681
657
1299
3531
216
1059
315
1140
798
1752
4773
1299
2367
1965
744
1617
1761
1062
747
1701
2460
234
1071
3135
2049
780
1317
252
1179
3027
3201
732
714
2103
1533
918
1827
252
2319
1605
1164
1584
2277
2409
1281
240
294
2445
549
984
939
1797
732
669
801
690
1518
1062
777
1584
2847
270
258
720
1296
1740
444
576
1173
717
2145
882
306
1137
705
420
444
657
1602
2895
2883
840
1215
462
822
3594
384
810
558
1926
2292
2280
2562
2970
948
606
534
597
345
243
1215
2301
2898
1392
966
1065
1626
837
387
1140
1041
798
639
669
1347
879
1266
1284
3417
2982
534
333
1725
4803
459
351
474
573
1440
693
765
2775
1698
1164
807
1413
4800
4389
396
681
1527
774
285
1350
1107
1584
573
612
810
1140
2802
2235
5295
240
1191
2499
2001
2109
777
906
939
960
4377
1041
858
726
975
207
924
996
999
492
498
717
1485
618
813
2529
1890
738
936
315
1881
249
417
1326
339
888
867
1434
570
393
2907
303
984
861
1011
495
1056
309
561
276
1362
915
1026
564
1554
252
399
327
207
825
918
1443
273
486
483
228
1935
2829
1005
426
483
1272
231
675
852
1134
1254
510
2796
1611
1452
903
3000
366
456
3081
4605
3129
1128
348
2127
1746
1065
1050
1524
975
603
891
1575
429
1596
1290
1377
408
1326
1779
1413
4647
2457
3945
1755
1182
1584
462
930
735
1134
1638
1689
477
330
1365
1275
2280
1566
1434
1149
915
1143
1989
1410
1464
633
4941
3609
504
357
3948
783
6216
1011
711
1413
4800
1047
1716
5940
441
360
417
1107
978
1020
2733
930
381
891
960
819
1116
450
603
3078
1077
1407
1371
861
4617
2199
1089
2214
7608
1314
2148
2370
1467
1338
387
1617
705
1905
2289
1848
603
3132
2514
2424
1614
2235
1536
4422
1923
402
1641
2130
1581
390
1326
978
1083
3180
909
474
1455
1347
948
882
6987
1434
876
1701
555
441
258
345
381
1797
1626
1203
1113
1566
2226
972
978
984
4941
1992
1416
291
612
1611
1014
1881
1074
666
2763
852
1791
903
423
858
906
783
3291
1008
531
2472
1929
873
1005
540
2676
2187
1419
1122
1512
885
1695
1509
915
1101
1494
336
3384
504
471
501
630
2679
2028
411
420
378
1332
1200
561
249
750
321
390
2934
1119
1500
4578
735
267
816
879
657
1545
3576
1422
327
204
279
3243
846
2235
2607
858
3138
1248
1233
4044
630
486
309
2079
1422
1422
1428
585
657
240
1572
1995
1632
1302
936
1053
2199
1593
1449
2277
927
459
450
864
303
963
1251
480
3063
2580
1029
990
1125
732
951
2262
1428
2037
726
1716
864
690
5031
2718
1938
645
645
276
2208
555
906
2265
1314
1317
738
4887
888
11307
231
696
1026
2226
5163
339
285
600
879
1896
1431
369
1341
2487
216
2058
2838
561
291
762
1359
2310
561
216
3657
2535
303
1893
1371
1605
210
867
1152
339
4809
582
1968
1698
1728
1710
375
2898
867
3963
669
2454
1992
1137
1359
3075
1365
759
372
2166
771
4596
210
2217
1059
414
1611
2205
2238
2094
1578
1089
1110
2583
1638
1101
6036
840
1017
2052
1464
975
1587
1368
888
1515
1284
792
918
639
4419
2016
4527
861
384
1329
3411
1881
525
537
669
1368
1272
879
927
822
282
2559
834
237
1380
2133
3906
2187
213
2424
210
2253
1563
618
927
1830
1266
1161
1146
579
1908
273
1041
3372
4029
1017
2004
4365
3642
1626
603
1398
909
3702
465
1023
1545
2856
1047
894
429
702
2856
408
1947
213
666
5370
768
732
2004
1725
2061
1857
243
282
417
348
1800
906
1827
1230
1569
1425
3255
996
924
1050
1293
1548
1170
1272
1173
801
891
744
600
3252
777
1080
483
387
507
915
942
1881
909
666
1227
552
876
2019
984
1107
3453
276
2832
1167
531
5004
2880
1107
1638
561
981
834
981
834
957
987
1734
2088
1089
1536
1377
525
4053
1020
1989
2007
2919
1737
1437
1950
714
330
1716
2412
1833
3492
1686
1812
798
438
1068
2010
492
852
978
2052
2001
3333
3333
4257
1953
4257
3351
1734
1734
1386
819
1734
708
939
1227
2211
681
1704
699
3417
1410
1146
3222
1158
1008
951
660
1803
1833
1029
5043
288
696
4641
327
1512
558
336
957
1389
1827
1173
1557
1542
717
1455
1482
234
966
2649
210
315
234
294
1086
1518
1134
1821
2286
2307
1083
492
876
1233
420
246
204
2901
1263
1329
207
246
363
1314
465
1008
222
771
690
1647
1107
816
378
1344
573
552
1482
912
963
768
1059
1641
1629
1002
1167
1239
2595
2520
1716
1104
225
258
339
1047
918
1011
516
804
696
1023
1296
627
1041
582
792
435
453
1092
525
531
525
1998
1218
2100
747
495
831
765
567
507
480
1011
1770
1107
894
1107
1875
1011
480
507
1245
297
990
1482
852
594
942
927
969
669
1185
1743
744
942
942
2988
690
531
3453
507
4059
993
4191
1107
297
969
804
1407
2118
987
1815
930
507
855
813
1305
723
1107
387
1023
813
753
4281
900
1059
528
432
582
798
2235
741
1797
2436
1998
1371
204
1023
1047
849
2508
1644
1263
1839
1359
1065
834
798
294
732
585
477
1068
471
1335
1398
1674
747
516
1203
327
2046
531
492
1068
582
1416
2046
2514
480
3249
4242
1023
663
966
231
708
1791
1773
2127
1791
4257
849
612
1407
1335
2721
2424
2496
1527
1095
1374
426
2412
966
237
2175
1332
1719
1884
1509
414
2178
696
846
789
1212
957
525
873
1398
1260
2055
3000
1209
1791
1929
1209
828
2997
2775
210
297
1635
1374
567
1221
2784
3612
765
1839
3993
579
1212
1554
480
1095
1062
582
3669
273
408
1437
1131
246
453
3237
2397
528
390
1116
2046
1197
369
1254
984
339
327
1215
831
1155
348
348
324
1584
1722
1440
474
2142
1575
1626
1629
219
1563
1566
1581
2976
1875
1560
3078
1035
768
1917
1107
2586
1296
861
201
1737
1632
1146
2268
1035
4305
3957
459
1887
1242
582
393
4122
2400
1308
1461
252
714
948
561
732
2079
2229
390
1911
507
3453
1110
960
489
1659
1161
531
2712
1917
600
426
1404
5601
435
1152
1314
474
2199
7167
687
2835
1737
987
399
1050
942
462
1473
3801
1191
2514
879
1023
966
1011
1362
201
2472
1020
807
1413
1038
939
1215
1599
1185
591
906
936
1635
1713
1293
1404
846
357
1773
666
594
507
2358
465
1110
513
507
3003
1110
570
1065
717
414
1566
351
354
1047
1227
1461
507
255
1761
840
699
744
1938
2367
756
318
621
2847
2766
1518
360
1629
1305
1743
1128
1743
669
1881
1398
909
999
2682
465
1023
1545
1230
3501
1719
1545
1290
4608
2919
2322
2643
726
1512
2619
1728
1926
2919
1251
507
1956
2010
987
744
1554
3267
4605
2862
741
2523
1089
384
651
996
969
1932
822
1980
2409
3291
1044
1878
1410
963
750
414
420
672
2892
2181
489
1119
1221
2055
2778
1698
5061
1254
276
1293
1461
2805
819
1293
2775
3180
1455
1113
1602
339
1524
1692
1344
1728
360
1350
2250
1308
1443
1161
1122
4101
4695
2634
1725
276
2634
1896
1188
2799
732
969
936
1500
1602
1620
1959
417
426
693
2907
1491
747
489
645
819
1656
1740
2553
1719
1242
1761
669
1521
2826
906
3069
282
813
765
495
387
2196
1638
510
981
705
387
2052
1482
969
906
279
939
798
927
942
807
1362
1425
387
2238
1971
912
1854
2055
960
1248
3465
1566
270
1914
2943
1437
489
774
969
888
1296
543
3663
1719
378
477
1374
1623
1212
804
345
2280
1494
318
2289
531
3072
2085
576
669
1218
933
774
759
534
2139
894
1608
1074
756
1182
1083
1356
1212
864
996
4191
1107
3453
507
2817
507
3453
1107
1299
2247
849
621
984
1068
627
933
1281
1932
237
891
507
1572
1149
2211
771
825
420
1521
228
1146
765
1230
1557
903
510
957
1107
717
216
930
1581
852
750
273
2604
774
1590
1659
1644
999
213
798
930
1164
1164
504
1164
294
4587
534
507
1332
1707
2544
2211
756
906
2400
855
1413
234
519
234
1038
291
693
972
540
3039
501
531
795
1623
4344
288
312
504
927
3201
978
924
1383
1371
1296
1365
372
894
2340
3486
426
375
3816
3066
924
3033
2616
525
4878
540
558
384
981
2541
2628
960
2634
4170
894
3447
846
2787
2790
1269
507
3441
1107
1287
948
492
345
2634
2646
2421
2499
2277
1383
1188
1761
660
942
2607
5397
1452
1173
2277
1893
1818
573
4236
3273
2433
1035
1047
396
402
1107
1227
1032
408
846
246
1152
2091
1785
483
2097
2523
3720
513
903
1497
1368
1680
561
3603
1362
2109
1155
630
1719
2169
1941
1395
1491
1203
1575
612
1575
312
312
1482
360
285
1242
2781
4626
309
1227
978
579
2007
1296
4365
1050
612
339
1431
2238
783
4740
795
507
1134
570
369
2115
894
618
930
441
1053
768
549
753
444
324
3573
4854
690
420
1656
4530
225
597
1218
1152
1581
1524
2649
990
924
1647
1662
1401
315
1482
693
636
1251
1188
1251
1566
1251
444
1314
1056
636
1293
1563
1026
1014
1107
543
1323
1443
3606
1527
1044
1086
1035
900
1026
834
882
435
216
1728
561
1665
411
1560
1014
1065
828
369
1569
1266
1047
1068
201
729
5283
594
597
795
1347
1563
1563
6351
1317
1311
1470
1773
714
2256
696
2034
1305
1461
1386
1824
606
738
843
1302
204
528
246
345
390
276
1203
396
3435
474
534
363
1716
1767
1254
1719
1269
1638
1107
1836
1236
1059
1380
1128
3783
1095
786
855
4839
1455
1467
4374
678
1071
2769
1434
969
2928
933
1980
552
768
1299
1200
291
1443
234
1761
6495
2112
525
5358
1089
1452
897
333
456
1869
939
3108
3192
1095
1530
579
1818
1257
2325
2349
4395
2898
1392
384
1305
1008
615
1185
2346
2712
2583
1494
2481
780
747
441
426
2634
1416
2061
4710
1278
1779
2646
2694
516
1878
600
1170
1734
804
1314
1329
1761
1722
741
600
3042
747
1716
741
735
1908
2352
642
219
732
732
681
1464
747
732
831
792
630
291
801
1560
1710
1773
645
933
1137
1308
1371
3639
1065
1833
1161
1761
252
246
720
873
2202
954
1299
882
1113
1641
1191
1368
1587
330
5280
465
1392
1143
3537
969
1854
339
486
654
288
465
513
351
657
345
2316
750
729
1467
3477
513
297
348
369
369
255
1737
981
1017
1677
846
3774
894
1017
1062
720
696
2202
3570
216
666
774
1140
933
495
252
990
5595
240
462
1233
978
261
2616
987
561
1083
657
504
234
372
852
657
1623
357
3573
1638
666
2277
1548
1590
1548
882
609
1473
375
1458
6696
1308
1440
657
1287
4389
615
3540
507
606
612
897
1155
2868
2976
381
777
2079
1344
990
1599
873
909
261
2280
1017
807
219
330
948
948
1017
369
351
957
708
1017
309
1530
777
1725
2295
705
2340
483
369
1284
684
2466
2559
2037
1887
1953
2538
1887
1977
675
2406
2004
2010
1203
1992
1740
507
1986
2589
348
855
1053
762
780
3534
408
678
2196
4770
1212
3036
705
294
2490
390
408
3078
1884
453
699
1392
1107
3453
507
516
501
828
465
762
609
1329
753
1539
231
555
564
252
1551
3996
600
1851
633
315
828
981
240
414
1566
903
1236
966
1737
1803
867
3147
936
1002
1419
1077
1281
213
213
4941
351
369
846
3714
1107
399
4476
2637
219
4734
393
1002
1026
906
681
2814
4314
1248
1560
1266
1698
996
1680
1305
585
261
1572
1239
339
1377
801
477
213
480
1569
1653
1893
969
1005
1695
849
2349
981
954
2445
1884
1065
2844
2115
2253
549
1464
801
1143
1092
1137
2799
3717
813
2325
1203
1425
654
1995
486
330
1398
966
1509
2724
1245
1971
2865
1461
2286
1035
1491
912
909
846
1503
3396
1092
798
1428
861
2175
1092
852
1440
4719
420
1230
1257
1320
1452
1530
1080
1443
1149
2262
2229
1338
936
681
1440
8547
7815
312
5448
7779
1116
627
1794
1368
2178
771
1284
675
1659
2166
1551
2193
1026
588
981
1605
2832
906
3768
1476
1155
2469
2685
2094
261
777
1737
1047
1086
1719
1413
2907
507
2031
1341
2166
630
2139
1959
1035
3081
723
1815
705
342
1344
1455
2181
1140
2064
693
537
915
1857
1578
1179
822
633
474
930
867
2136
2151
603
2286
402
6216
435
939
2412
507
2085
627
1671
1077
3285
879
393
1446
2268
729
1377
1035
993
3828
6162
6162
393
1317
1905
1101
945
993
1449
507
3453
1107
633
2682
1929
1113
2889
1284
738
2151
792
2157
273
2136
1971
594
3774
1107
342
369
1233
633
1047
2532
2181
1614
1329
354
438
4008
240
1836
1638
552
801
705
951
2154
2991
1074
1080
327
1965
1308
1023
3513
3513
1023
2229
327
3573
1965
1350
1575
1920
486
558
2454
1590
1377
1632
1977
255
852
558
897
612
1020
996
918
1803
1785
1755
2937
747
354
1647
1269
864
1869
1398
2925
699
1548
1434
1425
1299
2211
663
348
3630
3207
4191
996
1431
864
465
918
2535
909
1398
1902
1347
225
2844
3744
606
258
894
4278
1659
1077
1104
603
1710
1773
684
882
885
1389
1383
1398
1446
798
732
1803
1380
5397
2820
207
1659
1194
510
963
606
627
1872
366
246
486
483
729
483
1719
2667
3783
486
483
483
3510
765
972
495
543
978
285
933
1635
528
477
885
999
393
1548
1056
750
387
1149
1500
717
3555
2721
3843
624
360
1053
804
333
240
1563
1134
1620
1788
324
1104
936
1158
1089
1071
729
4332
6171
408
1869
1554
924
2220
747
756
1314
288
540
1224
675
2946
1707
333
453
216
1764
1686
1554
1242
375
513
843
852
360
3282
3372
3231
1548
1533
690
501
696
1539
1203
696
768
336
726
2730
1116
690
660
2523
8160
1953
3597
3093
1509
1065
351
870
1746
1227
1548
2886
1839
1548
2160
1626
261
3831
1065
2931
846
2277
2760
2076
2142
618
495
1590
1614
1584
1242
1416
876
1488
804
1032
1074
1944
2331
771
3636
249
1224
873
600
3261
1107
3255
507
303
3396
1107
855
3717
1107
756
1572
489
1530
276
624
6990
1179
1632
540
888
414
1578
1593
1107
1542
1518
1746
2649
1734
426
774
1317
2661
474
1326
2517
933
1776
804
360
1377
2325
3831
543
816
1740
6663
1698
1227
4473
2919
693
1020
453
408
4767
2577
1008
579
1242
1449
1095
1143
603
852
1764
3453
843
993
1350
1020
837
546
669
264
252
1458
1071
1107
3096
987
1296
1341
852
1956
1404
3849
1653
720
744
516
1044
1743
8916
1122
2214
837
852
444
348
2064
1446
3096
1074
822
930
633
2958
1764
2088
2436
1584
357
2409
2355
939
633
951
393
1551
2355
1818
897
936
687
2337
387
2337
1260
1749
1590
297
459
450
282
1167
1584
1452
900
1527
792
1146
1356
798
4773
1098
381
1692
1320
1437
2301
450
489
3531
6711
933
1224
1584
1140
1746
321
867
1527
1593
2370
2340
1557
1089
3135
1836
1779
1863
669
1101
1005
1005
903
1203
435
2421
2010
2460
750
4251
1191
492
2613
825
552
321
1575
2157
1023
1803
594
951
2214
3474
1482
648
753
1110
987
381
3435
2076
228
1143
525
2286
1500
957
1569
633
1119
1089
1071
1125
2181
987
765
558
2001
993
366
1152
768
474
1047
513
1101
594
1962
4524
435
1035
1338
876
234
1302
1200
1725
309
828
1485
1077
1053
984
789
1509
546
1626
1491
408
1509
2826
450
789
210
588
2460
1926
1521
360
759
1467
714
2379
813
7386
2400
1515
1083
1857
828
705
909
3843
1515
1011
1491
342
939
1272
1260
633
1212
567
1266
1293
1320
1275
612
1245
1797
2517
1107
1890
846
4089
3534
954
861
1416
378
1440
735
714
6480
1518
3846
1398
516
288
4935
378
1593
1242
3312
558
5127
1017
999
666
474
1626
888
3927
2925
1959
1851
4203
1329
1425
3096
219
1119
5283
525
4374
2094
414
996
1974
2607
372
393
966
1416
210
1326
1314
2184
984
381
2598
1761
1158
1065
786
753
372
2667
1476
834
3969
4011
570
1773
2502
2430
447
3906
819
843
1509
1248
2100
1191
585
1422
1059
2472
837
960
2619
810
1089
1587
879
912
444
1455
1020
276
945
1791
462
522
2805
348
2226
768
1479
912
951
963
801
816
1053
564
1959
840
684
1698
2118
930
927
3855
789
885
2031
978
4740
1203
1554
726
975
3132
1338
1260
4980
1521
1803
1476
2319
1050
1278
216
435
309
201
297
1506
639
1707
453
867
3057
1779
699
555
984
1779
768
672
1722
1767
1557
1701
777
1137
285
4359
1299
1680
4587
660
1716
705
1695
1101
807
3036
1419
4767
585
2073
942
1428
1593
576
2286
402
624
1080
912
762
1065
1938
3258
657
1704
1689
1749
1602
1719
2775
5901
1863
984
822
231
1878
3108
876
1668
1617
1992
1986
2034
1464
261
2214
1005
333
777
1848
1113
216
1728
1470
3099
735
258
210
330
2541
6516
648
207
1287
4869
888
1530
1638
474
1932
1635
753
753
939
549
6075
3687
333
1269
2667
399
1467
1632
1731
2715
864
216
1488
1398
321
900
2745
1047
3951
1146
1167
1323
981
489
1860
246
1893
1614
666
1629
2925
504
1116
4110
639
351
498
636
1308
582
2007
840
1632
1185
2541
1311
1674
2820
1464
1365
267
1428
1956
1983
819
1953
2724
993
1041
3087
2985
558
6648
1206
1173
1110
1479
1536
4527
2922
5601
588
1740
1461
1422
441
717
1965
1017
1722
1983
675
1833
2352
1899
1584
1764
1029
1293
2538
2229
918
3441
564
3381
816
375
1995
1551
1755
3288
1716
1572
1083
447
492
2361
2835
5463
558
2028
1233
261
1533
3654
1473
1179
426
210
315
1086
348
1164
828
1890
1884
414
750
1815
636
6282
1569
1731
2103
327
2319
1488
522
3453
537
3027
858
597
1650
1395
1551
1617
231
1047
387
1470
1011
375
258
1836
1557
1581
2319
753
978
234
1578
957
3576
1191
519
2223
1845
3069
1134
5391
1839
1245
675
3078
432
3888
1551
2538
1623
1176
393
1848
1992
1134
729
1104
1146
498
1887
1605
2253
3318
1197
210
3366
2235
2220
1251
378
2418
2682
633
1257
2508
1206
840
1296
246
1734
1122
1266
513
1422
1485
6099
1563
324
1182
972
960
213
957
612
4794
696
357
1176
1674
516
588
408
1476
600
981
948
3759
1917
1200
2073
2247
3315
1770
294
1602
765
912
615
1473
360
744
1227
219
330
339
744
609
1983
1209
1026
1944
2085
1143
1005
687
1221
990
1653
237
1719
1227
1872
1341
600
804
1719
2823
264
1545
933
1032
3168
369
411
2793
1341
984
1059
525
2217
336
1107
8388
699
1266
1347
642
1623
747
1329
423
501
549
1701
2676
939
1284
1482
2187
1083
414
1590
234
234
1335
858
1857
522
1818
1548
933
264
705
1932
1521
822
1881
1458
3399
216
849
870
1302
981
834
2838
1683
1314
588
1380
2241
2094
537
1674
1152
771
903
3741
1689
714
1788
540
924
411
3462
666
1386
2238
4389
1239
1140
1005
1149
1608
1386
1830
264
411
339
1170
840
333
2373
855
1365
1230
3168
996
984
981
1380
996
1002
288
4794
339
735
453
1848
4125
987
1326
942
4824
3852
1824
1050
924
1884
1932
558
3930
3006
1539
1443
402
429
534
576
669
1698
324
423
1143
4686
933
903
1491
249
1143
1398
780
360
573
702
504
207
1092
363
1596
1188
501
576
768
972
1149
963
1236
903
246
2691
2394
462
3021
411
1617
555
729
987
1584
2706
1860
1848
2364
993
4335
873
4200
2076
1278
621
894
996
4191
702
1107
3453
507
2412
507
3459
1407
2172
915
2166
294
2865
2022
1200
1539
5151
1335
2172
210
3102
1518
468
4089
1104
972
963
1536
270
1377
5376
915
1131
372
2853
1632
1089
2346
747
495
1290
669
1401
822
3408
642
2859
2103
4131
1185
5256
978
3843
996
1173
1980
873
369
879
1386
708
1587
1530
294
387
4062
4449
4425
747
1563
399
2547
2193
1830
2094
1449
882
1734
816
717
1608
1776
3801
2457
1218
1959
1176
1080
1209
1338
474
1536
846
3129
2016
627
789
1131
1035
1248
1449
1563
1026
588
1593
3105
477
378
1536
927
795
1452
747
2871
3237
3546
1659
1689
969
1518
1233
675
3681
1788
1401
681
1839
2049
2994
684
663
303
1101
1488
1965
2274
1551
1398
396
1104
2634
981
213
2253
3009
1941
1716
1821
930
399
546
1104
819
2199
3387
1209
861
543
2631
1287
1965
573
690
1887
1836
2835
3879
1215
1173
1440
1074
1575
1662
3255
3876
810
510
1011
723
1242
4083
2292
801
3300
1404
915
738
2757
1137
2772
804
1500
627
1749
351
1335
2091
1356
1071
708
534
3303
4254
1509
1260
513
228
2916
3801
2061
1374
3666
945
1272
1314
1485
1476
2604
1578
864
1026
1668
1227
2295
831
1203
1842
1275
3462
1905
435
1548
507
3462
3972
717
942
1590
699
3765
402
396
2037
5766
954
1656
2166
264
723
1596
2529
225
2031
4257
1395
1029
1473
1419
2802
1098
2538
3726
999
579
264
1107
336
516
897
4266
5544
6795
1317
522
870
1863
1509
228
237
1257
2427
2814
3009
1650
1350
462
1743
630
2151
726
210
3696
987
1020
1911
1851
1035
2028
3930
321
1047
1155
525
1266
1179
1293
1329
1929
999
2529
696
837
1155
951
429
1146
1029
4080
327
2217
1395
1641
1665
519
3834
2007
2454
801
651
621
1137
1200
1476
1035
1458
3324
1683
1707
870
1263
1605
2694
1590
1737
2436
1554
1068
1239
696
1941
573
1899
939
2007
2367
522
2310
1638
888
927
1533
4656
2136
1398
1107
549
780
1029
1608
1464
1308
801
1623
1197
1536
1686
2097
495
594
237
1179
354
1404
468
2493
402
222
273
501
756
2151
1671
3282
2082
954
2832
414
2727
1038
1761
1302
768
3930
2694
2376
870
9132
3765
1887
498
4521
852
2991
1368
864
1728
486
693
393
1137
783
894
1191
2517
2265
2541
975
1113
810
519
1008
801
666
1035
936
1101
2175
2589
861
1266
276
390
411
4491
930
828
1002
495
1689
1416
822
735
1032
1356
1281
1620
789
1704
1167
501
903
1077
1026
876
1428
2580
933
1332
495
327
600
1464
621
570
963
2802
1359
1131
804
2163
870
420
954
789
927
357
714
1023
1254
3135
1305
2859
759
2142
1305
783
2160
2973
588
1716
2592
1932
2205
1548
2631
957
2319
636
1185
2523
1053
477
1506
1995
546
1341
1605
1104
948
207
1170
285
735
1326
4743
4386
369
1533
1107
1605
1452
2718
2247
624
939
1077
2223
855
1599
546
1053
402
2724
2010
774
1365
207
3792
3039
2139
870
528
477
1152
3726
1845
336
3900
3105
375
1530
1263
1644
900
1830
735
1044
867
768
609
525
1107
735
1056
1890
768
1557
2478
1653
4161
1308
534
738
783
1104
1257
1782
2616
4071
2007
1536
2817
1101
3048
2370
2124
1632
1731
822
1335
807
651
612
3012
504
1467
777
780
1671
549
303
528
1464
1059
1209
663
1197
2172
4650
4182
1443
522
1338
747
1242
2490
597
546
2355
420
1668
1476
2469
1761
1287
912
1284
2871
3078
273
4254
660
1326
687
351
429
903
264
10347
1074
2151
420
3342
1731
1425
1080
2211
1164
6327
1320
873
1701
1677
1857
1284
2148
3432
1716
1551
1533
333
1047
672
537
1464
1563
1353
762
762
1554
1422
1383
318
1014
1890
2259
4824
1314
1689
777
4188
1053
2943
651
1224
1071
4179
2061
6144
540
2151
858
516
660
441
1290
2496
2199
573
252
2895
1806
1623
303
1968
1614
633
1119
1749
387
333
1446
2643
984
2394
1533
990
2652
3360
543
3171
2763
360
3357
669
2724
765
681
4062
744
1920
588
633
768
465
1641
1320
1350
4485
2727
894
1887
1554
2931
1908
969
858
435
2739
477
1896
1641
1038
2247
1062
1728
1029
1395
1686
1284
588
945
621
1659
1398
1356
3402
624
1674
2559
4038
846
849
588
1629
1212
2022
360
1482
2757
636
654
4515
483
810
369
1347
2787
993
720
375
255
1608
2919
669
534
696
2232
1599
2529
402
1755
2124
1053
1515
2439
1116
1236
3486
3816
2934
984
657
1548
4437
1470
1314
2001
825
294
1209
834
567
744
1938
834
1500
2679
1497
960
2235
1020
894
585
2517
363
1122
954
825
5808
2715
1158
390
336
1827
1503
549
1041
1014
1167
1266
3783
681
3333
1107
3453
507
2388
1515
1719
1053
585
1242
798
738
8127
915
231
252
972
945
1734
582
1248
5535
828
1383
639
1089
393
276
333
1251
603
1320
1140
1959
354
528
1890
225
2712
675
456
603
2748
1725
297
1410
228
1215
3906
1395
2412
1302
303
492
531
579
210
519
600
417
1002
486
540
3087
1362
5490
2514
1728
1257
5682
1065
204
1968
4266
2559
744
924
285
3312
1035
1821
2664
4359
1899
729
4005
1533
2157
843
1380
1116
2835
1878
975
1236
3774
1938
2010
1866
720
2352
708
1323
1527
648
378
249
546
1410
1401
1908
789
672
783
1554
5241
2082
2871
387
1533
486
1017
1347
630
2139
756
669
651
2547
1485
501
1026
699
825
1335
4191
993
2007
1026
1548
819
2634
4170
948
2223
1218
678
1017
1548
561
1173
1482
1149
1713
1107
3453
507
735
780
1488
3831
621
1107
1959
1362
507
5820
1182
3294
1773
1290
831
750
1731
1713
1719
948
3732
993
690
960
1194
537
1752
1113
3141
726
1455
480
1782
1083
363
1278
684
849
2451
1488
882
1284
450
1368
222
3660
267
1368
681
291
420
1311
2421
978
822
1218
1872
357
279
1107
957
1125
1773
2721
687
1917
1572
540
5490
672
885
351
330
327
999
351
594
975
507
3453
1107
783
1107
1587
2097
846
621
2610
684
3051
1587
2337
873
1524
486
486
372
1773
3138
2079
246
777
6072
2460
1623
315
2172
2034
465
1620
1554
1857
1809
1017
927
1479
1602
1404
1491
2817
531
2055
369
1872
2118
783
807
1515
4386
1506
1506
1626
798
2442
1317
1599
861
1953
888
957
441
612
975
2475
330
228
2805
225
1065
6213
1380
3741
1689
1788
540
924
411
3522
666
1371
978
2688
2688
2736
249
1737
1035
2931
2388
1587
861
678
438
2610
357
1704
1545
870
465
1053
1527
2976
1728
264
1485
1635
723
1131
1551
1398
909
3702
465
1023
1545
1245
1575
945
831
1017
1545
849
633
1077
1476
711
1071
4425
1725
264
264
459
3855
753
444
3621
4656
2823
384
207
423
234
255
408
909
1710
2898
2016
1746
1134
1446
1818
1830
1272
1659
2781
204
666
897
1191
4410
213
510
549
294
429
1077
357
750
2043
543
2370
1308
1485
3006
441
2478
612
975
1755
768
987
2271
2124
615
762
2286
981
1152
381
648
288
1599
210
2067
807
714
660
846
2640
1368
246
2652
1242
1161
399
2211
564
1389
2409
1764
1524
1482
309
2262
2262
1800
252
3282
4500
6141
447
798
1737
1188
1407
1920
672
2595
240
894
252
207
255
777
663
450
588
264
588
1779
1776
1677
789
468
3807
1281
372
939
321
645
630
2172
489
693
1056
1188
600
498
1695
2208
2100
1347
414
1212
3156
1281
2877
477
561
1512
3237
1242
1374
912
4941
327
2256
1359
4533
1014
573
3861
1155
273
453
4365
948
1020
1023
2817
2046
288
474
1722
357
918
4392
915
2097
2025
1233
1281
1137
3213
753
1485
1572
351
339
2538
2148
885
396
4143
2967
3447
912
909
2217
2826
2613
654
642
471
594
768
1719
831
756
534
330
270
1155
2838
822
720
879
855
1875
423
2109
876
873
2592
2274
324
1284
477
381
483
255
450
1056
450
936
1014
444
1323
1731
444
1323
1731
831
1602
2484
690
3156
2859
1887
801
1794
1023
1443
681
432
486
1329
636
396
1491
1458
1608
825
1629
2388
1884
1722
2262
2925
894
1701
1647
1893
2100
1116
1734
465
948
1311
2241
1296
3666
888
777
1608
1074
1308
207
1101
2019
1245
651
2433
2307
405
1248
576
5889
4851
1551
1371
990
450
1833
645
1182
825
2418
1293
1038
834
1002
2718
960
1176
3099
2970
3147
642
1653
852
408
759
528
975
549
684
618
855
1368
930
3147
3330
1899
1422
1050
1254
1086
951
1029
1386
222
960
1005
867
522
753
639
1284
1740
1440
3915
348
3324
3429
1389
1413
1587
804
1437
1317
213
612
765
1071
939
1530
2022
1533
2934
2163
936
237
5979
1743
1203
879
348
264
1824
1083
1335
882
1620
1797
660
771
2259
2163
2934
2379
3111
342
1398
4083
2343
2670
1026
1653
1326
1617
1209
2658
774
1044
1230
1698
876
1671
765
1326
2433
1743
3570
1659
1374
3219
1050
1008
1632
2409
453
2835
825
1377
5985
504
540
4668
2055
1689
1134
2109
768
993
1143
1080
840
1311
1737
2556
1368
693
576
3591
432
822
1473
954
1167
6957
3492
1713
225
291
2442
1137
969
450
732
1557
6663
267
3987
390
3474
327
2865
2280
4971
933
3264
1146
1299
1053
786
1110
1131
1281
711
2826
1731
870
3087
435
1131
2376
417
2379
1719
1593
2100
813
2223
5238
3207
1347
1047
1437
564
1053
1416
819
1905
1869
1413
723
513
261
1203
996
285
1080
630
1104
2154
6387
2001
2481
1584
1245
2370
222
1329
888
1749
909
2145
810
2124
813
903
1215
1158
4107
1917
825
681
1785
1374
2478
1350
399
231
3414
2043
240
240
1965
2085
996
1380
606
3318
6042
1461
675
1017
3234
765
888
1800
3072
828
576
2133
2334
1419
561
1509
1338
825
360
2211
981
2019
573
699
2388
3255
468
1362
369
1023
1392
1329
543
564
348
3372
2655
1254
5799
1857
906
747
1326
3999
1728
3981
2472
954
1059
2424
1038
411
1503
2070
1059
2559
1032
999
597
333
954
6450
1599
609
2721
1407
1410
672
1554
1992
657
786
222
699
2463
348
363
615
204
303
999
252
1578
849
1980
1272
834
486
2532
4278
1011
2919
585
1290
696
1038
1212
870
1461
984
2337
1491
2256
2688
6138
1284
1626
1407
456
657
843
2028
495
2553
1626
3954
1023
267
3180
2607
1119
1101
1239
771
4563
810
1428
1152
3771
540
1608
1611
1050
807
1302
2931
2526
2496
3879
1251
1212
1590
1809
723
417
2550
1398
1410
1854
1416
1131
3648
1251
762
2241
627
1284
705
333
1842
2058
2877
1338
954
567
5463
1239
3030
318
642
1803
972
1236
795
2610
372
690
1737
1794
540
3828
1035
1200
870
6213
414
531
330
816
1227
2919
816
1752
1725
1197
483
537
876
759
345
705
1719
600
1740
633
495
2583
1467
1989
879
750
1128
1995
390
2949
1380
822
1332
867
468
1209
1482
4608
2919
507
1665
972
1602
2109
450
1023
465
3702
909
1398
2001
2040
1755
582
1362
462
837
675
1089
783
831
810
765
1155
507
3393
1110
741
1110
3036
507
1173
840
609
2961
1803
2547
891
2481
2352
1113
702
1191
3978
918
1218
417
2451
2271
732
630
4917
7413
804
2130
225
675
573
1860
1185
1776
1464
1137
627
648
3891
3222
819
1716
789
3003
870
1296
1047
3174
2688
1539
483
2517
309
1347
534
1902
201
1620
1038
807
312
2247
1104
816
1341
1140
4431
1467
2994
1302
1452
831
879
699
978
2271
354
2058
396
456
1395
3582
2328
1122
1602
1563
750
720
1653
912
2367
1428
594
432
2403
1707
327
591
2373
1119
1845
900
1530
3351
1287
1353
1329
1902
264
1794
3003
963
753
816
2325
3114
576
2310
447
345
4830
1497
1794
417
894
2412
813
3543
771
2214
1746
1692
1164
1062
612
369
621
693
684
1239
348
975
6240
2364
1509
741
855
990
951
777
261
1782
1665
2289
873
732
555
3243
1572
540
645
4743
579
1242
3522
1362
2013
804
4293
732
630
699
891
519
3852
279
363
1575
1863
1176
1326
660
1392
1506
2241
333
2229
618
225
1632
1491
489
204
339
2529
1008
897
1173
1416
1281
1368
1407
1422
1389
798
1950
1980
1587
1338
1083
531
609
2346
1293
360
372
1185
2187
921
1746
627
276
876
315
783
1062
867
819
807
2796
762
243
2970
2028
1803
798
2340
474
744
498
867
810
933
1332
768
1728
300
2406
1881
2514
3342
1146
1176
1095
1158
2733
1680
924
636
1638
711
699
3528
696
1617
882
765
7857
1467
996
573
1443
1611
1134
1008
747
789
633
873
2619
1446
594
1698
1944
1956
1992
2565
1653
1959
900
942
855
1206
1959
660
420
1011
1257
4521
651
1230
1533
213
411
1929
1944
2019
1497
1917
999
1413
1536
1599
1548
591
717
213
477
2133
1536
1227
420
240
210
3171
255
1602
528
282
2601
2430
1680
2751
222
840
1539
2550
1152
1626
897
1017
1152
1560
2310
1431
717
333
228
1035
201
1740
1122
468
2196
4197
1326
2079
327
2172
1998
852
6399
1509
1764
1905
1761
1980
1785
1713
3042
2895
1218
969
2235
213
753
771
588
306
510
2037
834
1662
3120
1725
495
510
1533
1206
1362
870
915
1662
1425
2793
2781
288
1464
2829
1707
2175
1050
1818
1359
1413
1410
2337
1794
1053
1854
1908
711
1383
522
531
993
1404
2094
1572
2250
369
720
561
1707
1083
219
1419
330
1398
471
1284
216
1284
1284
1422
1284
1284
2634
633
1656
1617
285
1926
2142
1416
1755
885
1485
2121
1866
1128
402
1512
396
1752
681
1728
1272
753
1485
1986
1284
1734
1107
597
456
369
774
2283
1308
1326
561
1842
1497
249
1557
1272
453
1359
456
462
456
441
420
1452
3315
465
1707
324
1785
2511
1044
1050
1065
936
465
1395
291
1272
1662
2262
981
846
2148
516
363
1671
735
462
255
567
420
996
1560
2247
1272
714
1593
1551
1293
1668
1701
1542
261
1041
540
1590
321
429
2610
1377
1092
1959
1140
726
984
2778
1023
2154
1068
1008
1857
1107
396
396
2520
1389
1626
1197
1863
4470
243
1092
1728
345
3801
339
939
1833
2436
2724
1245
579
243
2433
1665
1116
429
2898
1815
1557
2586
1566
1098
2712
2649
654
1890
1812
585
2721
651
867
1692
378
1827
1008
1134
1923
1656
438
237
2715
1029
1650
1791
1485
486
939
258
372
1452
1404
846
1194
1770
1665
594
981
2787
666
2316
387
2355
375
3330
1536
3093
771
672
2511
1839
507
999
1836
765
507
480
1335
1404
1131
2691
1545
2433
1086
561
993
492
531
585
1551
1194
1398
909
3702
465
1023
1545
819
603
3084
426
1905
1233
732
822
2475
1584
999
1275
1437
1899
1905
936
1386
1308
615
1035
663
1581
1410
1551
618
564
855
204
408
2517
1152
219
810
1020
990
1839
1071
4377
900
1926
1440
1425
2277
2187
732
474
870
2682
3117
327
1371
1776
1653
1125
876
1125
1128
507
3348
1107
2232
1584
1116
324
1380
2625
936
1521
729
1389
807
1374
1734
240
600
1659
474
3009
1323
1293
852
2295
11796
1134
2571
279
2064
2190
1518
306
204
327
3078
1308
1827
1968
1341
207
846
1428
1977
1536
2586
702
321
2322
2274
2415
2043
1944
975
852
498
3540
423
1539
4890
468
1617
1191
285
612
1473
1722
4017
249
1446
291
2346
1521
246
2244
870
1185
549
2361
1299
672
1470
366
432
2244
675
1134
1620
267
1059
876
381
2790
933
339
2736
1488
3717
1245
1260
612
1212
3051
1068
951
2970
1278
3894
963
375
2337
1098
1164
1320
276
237
1086
261
1011
1647
285
1221
915
780
1251
783
702
1389
1107
1062
1467
1062
855
2682
1146
3222
1263
4395
456
801
573
402
1050
891
1743
5727
348
510
2145
1005
1980
819
942
645
780
714
2082
822
1731
1215
4392
1374
2013
2247
942
1989
597
1740
1521
930
1626
489
936
1992
1395
6102
1596
447
4608
2913
1527
3828
2004
2718
1311
3621
1992
1098
522
1620
756
2010
1227
1089
1950
2796
1527
546
717
894
1989
2013
2580
807
3825
2109
1116
456
360
1398
4245
2835
3327
1125
921
1008
396
1638
525
1344
552
1701
990
2262
978
2997
1326
687
555
1596
855
2691
666
1179
681
636
2586
582
399
1182
558
2322
1128
1137
1038
783
2640
1077
1005
999
1776
330
1620
1530
1503
729
777
1350
1875
1896
4170
1038
957
1947
1536
1614
3225
1044
1593
3996
1071
1023
555
759
216
1725
573
837
1341
1941
1131
1758
285
597
3261
480
1491
2385
1005
1197
504
1263
2598
285
471
1605
2082
2118
3396
738
1389
816
1953
654
438
1119
711
2352
1587
1122
1941
1602
1371
903
1056
1857
2382
4233
621
672
696
5874
750
771
1515
2379
1728
4422
1365
1374
1479
2571
1080
969
2991
5031
1392
534
2769
1023
627
1197
783
666
765
1686
1923
459
696
1722
408
822
1125
990
2172
1440
1224
774
2541
1812
234
1122
1494
1107
6093
3309
993
4800
1413
1455
1863
1452
948
1470
639
918
1704
1416
2496
1155
1587
294
1287
2901
1035
1470
1137
945
954
789
912
270
2892
822
2070
1980
867
1179
270
3576
381
981
564
1194
1641
1869
1356
639
1317
2859
3216
1743
1296
1248
264
993
501
1554
816
927
483
1242
693
1068
1896
927
1002
1419
216
993
1797
1842
342
1461
1578
1830
1893
1200
1197
891
1656
1746
1647
1638
735
2610
891
1245
819
315
234
582
918
552
1629
915
1416
993
4191
528
1422
864
1017
348
1566
285
945
351
945
363
1941
1548
1758
930
1635
3219
849
3483
2466
747
1575
1683
225
1677
1281
1170
456
585
960
1128
1644
1035
1023
651
759
1104
3216
1584
816
1275
300
1302
1806
1341
471
1326
270
399
1500
1656
591
753
2832
1161
1938
933
1719
1926
2157
1710
1473
1626
2583
1974
222
1404
1104
1098
1953
1677
1653
1065
1836
1008
1116
1914
288
252
1980
231
5898
1416
3726
1989
2310
1947
2346
3330
2106
885
981
1689
597
672
924
744
666
819
813
921
1428
720
1638
1419
1614
1713
993
1611
939
1191
1380
2976
369
972
825
1446
2184
2100
201
255
708
1119
654
1056
1947
393
2004
1827
315
918
453
2061
1896
1950
891
882
2406
1770
5280
591
228
846
228
3696
579
267
2592
1590
3177
951
444
1257
1278
1485
351
4386
1080
1311
921
1041
1263
414
747
759
768
645
327
900
900
882
450
1575
486
852
735
1491
219
990
1434
1026
1527
393
525
3885
573
2094
414
996
1974
2607
372
393
729
2274
726
1083
639
264
4407
1569
390
6495
363
1152
426
2190
1395
993
4191
1329
1806
555
3162
2793
3576
3855
1407
1917
3882
2754
2997
