45
473
652
152
1120
485
4119
1611
1750
3907
877
326
915
1649
232
112
855
550
122
433
190
687
432
707
656
2307
530
113
1020
308
1826
1237
1829
760
696
463
3930
871
275
458
514
307
3088
719
1695
699
112
950
384
231
2392
412
358
1275
1211
756
341
452
713
264
475
4860
855
1041
696
541
332
247
1057
1146
8189
5640
695
2560
950
716
438
283
280
312
1055
542
26
1476
2532
906
1224
1603
348
1339
1196
1332
1287
192
290
497
150
876
223
923
670
585
455
114
2034
370
637
1893
1913
1306
1014
2055
97
6586
1777
1004
289
2058
335
1680
3590
798
70
589
139
151
183
125
563
102
773
318
926
96
434
925
433
3052
791
959
311
632
116
593
153
1566
440
1059
1676
77
1047
2219
2901
3575
1336
143
409
511
241
300
423
176
2204
141
292
534
214
1714
740
136
243
1243
499
2494
2788
417
1363
237
139
458
2012
830
48
578
154
134
140
691
1525
131
624
164
608
319
1702
595
565
710
909
239
852
594
546
635
973
1001
231
118
131
95
93
1483
672
336
1193
348
806
30
695
467
523
416
714
1456
1210
199
1226
1237
915
931
633
127
152
184
221
1612
562
134
1186
585
294
757
1554
2363
65
160
411
625
412
389
715
220
326
363
522
9
188
159
2905
183
1786
4100
1365
404
157
39
2096
38
93
131
213
580
1041
732
789
491
29
132
1379
1692
3684
999
1417
253
1966
251
148
49
210
365
65
61
255
1689
254
332
826
1652
640
115
158
776
385
41
327
94
417
302
122
236
139
119
869
127
618
452
368
131
270
695
171
880
286
1444
2104
68
39
2164
865
586
113
139
571
192
152
125
520
330
92
645
266
1190
7029
256
443
338
246
96
240
89
3025
472
214
1081
207
95
195
360
407
217
46
224
297
245
83
66
138
152
737
154
84
94
872
976
203
206
97
285
870
745
622
866
642
3944
113
2274
162
2968
547
706
41
599
821
634
1656
103
116
45
1972
87
79
1712
617
774
278
495
690
472
407
654
198
170
1144
251
441
188
129
3322
469
62
1526
102
117
711
453
598
477
1453
1684
122
151
388
27
82
1280
147
358
231
165
935
960
233
366
730
653
41
157
202
526
966
3032
395
332
166
1241
649
219
149
472
81
102
264
206
581
271
1106
181
54
676
97
83
1031
186
122
430
410
1776
866
1115
579
549
131
659
882
503
114
354
110
423
117
528
213
244
1033
200
372
53
63
138
473
48
1242
596
37
420
1251
213
38
109
333
159
480
544
1393
115
43
123
67
58
189
123
217
369
185
130
133
113
376
2016
216
480
399
97
115
455
73
115
52
139
504
37
220
222
109
117
189
74
84
71
49
2822
191
320
3763
1704
32
2168
809
57
238
1464
281
6147
102
465
336
1835
282
814
313
438
2097
71
517
446
108
487
521
245
396
1481
268
1021
2138
175
169
289
361
587
1272
1896
1272
1164
404
110
46
213
560
2560
486
1405
636
1000
199
1909
1429
434
82
729
1150
875
104
68
362
448
165
167
49
86
38
83
207
83
133
92
194
346
416
167
401
866
158
117
358
93
164
307
111
66
26
384
1101
82
183
238
99
125
163
85
997
119
38
781
1508
248
922
408
193
504
23
1098
158
245
202
205
643
487
121
791
1272
784
48
250
542
1277
470
112
111
247
194
510
224
389
259
581
357
191
190
235
302
206
106
612
188
1250
382
148
80
203
233
139
188
1304
329
112
1456
1049
255
304
57
46
321
56
302
131
146
215
1923
282
571
259
105
630
630
99
327
40
1321
1342
745
110
141
176
319
776
1799
1112
148
120
180
83
276
796
69
75
975
1493
131
171
279
995
680
73
371
1079
138
186
104
106
61
2480
654
103
2050
265
475
95
164
1614
1116
183
340
2292
67
964
134
643
190
668
45
213
1637
134
112
1685
2581
559
737
209
2384
157
32
2683
396
1136
3156
1026
580
2901
321
2800
832
307
778
604
141
1206
73
592
406
1534
496
1508
195
59
1097
314
740
2383
798
1818
2006
356
452
620
371
625
186
443
193
501
106
567
963
83
216
470
428
97
749
577
317
2298
45
439
300
161
204
909
1835
166
616
779
2673
456
261
381
1495
171
2801
4035
635
446
656
215
130
668
154
1092
3011
1292
65
3843
569
1032
1558
3370
224
76
1693
245
490
263
1247
192
1586
2231
3527
397
431
743
166
286
36
423
397
406
227
1063
1163
390
82
1260
221
103
835
63
81
380
210
569
1290
67
139
371
150
3083
171
109
502
132
670
444
394
580
3461
108
994
570
767
377
2089
649
717
759
1791
560
714
281
109
2169
885
176
388
1443
512
122
381
549
544
441
1831
1272
642
1705
901
88
396
572
656
91
275
120
644
199
444
115
322
1377
69
509
1010
707
360
727
131
179
863
238
289
91
683
195
88
1510
862
1139
4779
218
220
97
150
728
287
340
785
224
452
197
1057
450
391
75
1219
77
49
259
1795
757
101
312
549
217
138
421
801
729
995
375
1120
1017
115
798
249
499
2403
848
645
319
201
67
519
735
2447
1208
156
100
307
5637
2466
136
1194
704
3665
44
508
1003
862
84
6038
3649
951
497
612
801
267
2139
533
555
861
82
534
677
2726
717
1832
722
158
812
920
155
47
2501
692
1493
2567
261
2757
234
1472
483
144
4391
733
830
218
1469
1650
854
1823
1107
248
100
1261
641
688
706
784
1284
703
1004
238
777
1921
145
365
602
850
291
149
874
537
403
1640
385
904
584
240
418
548
485
3067
410
1662
2029
124
666
724
712
476
512
171
597
338
544
413
1467
389
2966
753
445
208
629
485
326
706
993
885
327
2997
742
124
1631
1786
104
1535
2295
602
740
2061
1196
1044
127
1327
744
1576
280
2146
1674
2363
475
718
437
197
302
1395
1135
247
187
1989
673
676
84
86
109
1126
42
1425
149
533
168
1362
672
1360
662
710
2035
2920
672
646
105
1407
3521
93
712
703
372
910
405
1357
962
636
234
69
1071
851
540
1260
691
2544
1141
818
306
403
369
2332
508
3184
1228
585
1479
1338
1477
897
543
538
699
1680
2122
470
2537
1551
3659
423
785
1030
787
45
411
677
490
833
704
147
288
184
897
3904
76
411
479
211
252
1915
724
313
1550
484
1116
866
110
723
1547
941
1123
216
800
484
1116
30
559
4676
1442
158
866
418
1483
173
935
4495
6537
523
1238
209
4466
932
2035
395
32
315
138
49
537
939
1431
268
3795
1649
4516
135
2246
1490
126
553
589
90
1033
384
48
143
1574
299
1469
2790
2684
489
196
144
2573
1169
774
1049
793
916
750
1299
112
1480
364
1917
741
3747
755
330
436
666
2606
451
105
1243
222
108
5920
1788
892
3357
1496
4491
643
191
3245
500
1158
2001
2207
686
1763
451
1969
1855
544
1318
3005
207
816
777
1043
1040
109
236
1965
235
820
4488
998
574
1540
58
49
378
721
302
1278
1593
2016
155
953
1799
343
2164
546
942
2572
266
1284
476
62
3030
4
1406
673
3444
1057
173
245
79
191
2658
174
261
112
145
57
440
1121
1336
193
1161
545
169
3503
515
2439
1540
1436
1021
539
1456
431
1191
549
637
470
339
1105
1198
518
255
1471
344
387
813
1096
538
57
1553
177
354
942
246
1711
296
422
248
959
642
731
667
1004
678
744
82
325
744
493
114
822
442
146
2158
1689
599
1281
324
25
1231
312
240
118
547
173
1743
233
107
221
285
1467
448
77
6961
131
706
430
297
1464
1719
184
365
171
5687
155
10278
427
1467
279
190
1687
216
477
973
425
757
213
962
449
741
54
818
460
1530
297
1322
2212
375
182
103
105
3428
1522
166
328
1028
1063
1557
974
732
135
521
1075
641
136
660
110
418
1278
238
86
734
106
727
123
322
584
105
684
73
555
223
1138
293
1424
72
1632
321
1122
1471
798
219
35
138
341
1363
149
1258
859
196
468
564
498
460
582
367
277
2337
495
413
452
78
56
3128
3081
4135
2974
205
56
97
321
219
510
733
1389
75
271
443
445
222
343
259
86
127
367
86
239
161
1620
450
82
626
55
104
394
19
154
308
802
290
1561
224
1063
1673
467
389
305
491
173
94
1766
505
902
491
387
370
408
220
220
175
388
73
294
2055
41
134
366
139
1174
130
164
83
10
121
50
444
137
103
106
141
558
95
100
109
235
154
422
882
255
62
503
116
91
187
177
80
162
214
112
181
125
422
122
203
139
188
461
255
145
297
568
1284
545
227
73
733
189
217
909
1293
200
350
162
177
315
365
423
116
470
105
95
143
45
123
156
157
251
113
167
171
146
272
250
499
466
68
66
114
367
1020
629
324
1458
408
140
85
197
314
386
175
92
84
101
621
1209
545
303
293
261
71
753
83
437
1506
672
1112
291
54
72
65
111
743
570
327
64
1036
217
788
331
446
181
178
11
148
262
240
528
212
80
320
2082
2875
785
101
344
1099
126
128
121
304
172
2165
43
123
42
212
24
714
900
275
326
235
107
706
77
35
134
475
156
406
193
305
103
132
184
168
70
86
523
59
1217
187
206
354
534
346
465
77
47
89
88
84
52
623
395
551
103
93
206
205
3976
3659
106
375
3294
1306
1859
178
59
145
108
439
407
197
497
307
384
737
128
1056
1027
144
699
69
75
307
147
29
1802
3459
274
281
940
263
271
308
75
149
110
294
230
249
99
321
82
589
380
43
320
2681
306
1894
157
470
265
410
130
138
1011
96
94
598
50
99
53
287
336
131
214
1321
170
932
187
150
52
271
253
474
304
374
537
324
177
72
679
874
530
127
314
383
86
379
163
113
148
135
105
81
1377
321
96
284
204
542
276
170
202
406
73
78
379
97
612
301
406
274
212
93
204
214
104
265
929
167
257
247
396
396
257
1176
244
798
98
413
470
153
474
220
274
703
278
118
5
300
827
294
179
9
60
167
326
174
109
133
121
1549
1211
1604
173
694
240
315
330
181
329
168
237
22
121
210
62
109
342
221
191
221
263
715
734
176
155
293
1169
134
93
68
667
81
124
145
120
136
83
57
133
130
177
134
528
157
248
216
270
1573
796
268
264
75
412
434
222
1428
235
130
64
550
296
525
323
72
2182
911
1432
211
182
166
268
118
696
179
45
92
445
320
402
134
88
297
352
273
219
1435
986
544
262
127
429
280
62
376
1136
586
957
186
33
404
418
68
56
110
237
379
3349
89
186
98
103
188
837
382
402
2185
454
273
143
2
487
806
4593
2050
1133
187
198
230
154
298
143
39
193
277
279
240
588
386
173
222
308
119
338
491
513
151
296
1844
205
758
514
798
147
52
394
85
15
83
365
43
886
536
1091
621
667
345
279
163
37
235
149
968
44
173
31
75
146
852
1106
368
238
432
76
95
221
147
114
72
424
144
29
361
41
24
3762
3009
1671
3102
785
140
433
1600
397
209
323
72
1149
778
158
351
67
732
276
322
72
501
999
226
221
1121
1482
176
156
306
158
698
72
67
618
537
333
208
506
886
72
599
158
456
456
500
2660
457
717
1345
807
681
46
158
128
119
2458
318
316
3480
36
4232
1308
367
321
32
627
7078
2060
421
95
375
57
330
616
308
112
126
44
239
127
1472
43
277
110
219
121
68
207
400
330
1155
329
304
1498
167
376
609
319
2194
503
2830
152
167
1261
154
257
284
441
216
403
118
335
3263
1314
58
197
993
152
292
343
616
621
3048
995
45
91
531
412
3732
1859
307
151
45
1877
1556
379
987
811
1043
128
451
203
461
732
739
91
463
2262
952
130
159
3107
2878
747
1011
215
171
1950
610
155
284
362
870
274
110
293
2013
230
1191
268
566
373
633
120
181
319
324
187
459
1239
504
325
485
1040
410
352
204
212
2977
715
126
134
461
645
171
81
310
1021
2344
202
535
179
263
313
626
1192
447
896
216
1023
828
992
478
272
2555
2333
346
750
87
1576
80
1701
2328
685
320
419
864
181
898
618
359
6844
235
114
1429
677
163
712
745
970
335
592
1850
1170
1145
519
2714
178
241
368
1572
734
1087
4239
1643
4310
2996
267
1126
240
329
567
2431
656
228
1238
481
594
825
700
248
191
650
192
825
719
823
780
779
588
287
213
546
209
514
779
869
2259
314
1193
627
329
1468
180
486
39
2032
221
390
1765
115
383
910
1830
711
7943
4654
1762
566
521
682
92
1087
591
1956
3223
309
205
1037
347
7745
685
883
473
567
250
1675
293
1300
214
21
1409
515
185
142
2106
1842
916
446
1892
1650
1260
775
3465
205
125
152
304
6404
1950
1752
1957
1215
2241
2808
1856
166
1104
1695
1722
2690
216
1018
1312
1070
261
1282
2263
2169
267
1262
1578
1873
1346
1308
481
486
350
1676
228
93
84
402
542
32
187
1729
2868
2624
494
32
126
622
145
352
1425
1311
1573
1824
62
582
1513
134
582
651
2739
271
1575
1206
1139
425
283
187
549
908
434
816
1150
1024
1113
803
169
1033
2717
926
224
3034
409
1222
984
650
2029
1798
447
1125
500
930
1571
1664
1708
443
1369
1258
218
1532
2244
2031
388
1181
613
1282
157
2092
1960
528
263
1741
1019
1575
1357
932
2380
1791
617
765
2391
1521
1916
680
432
157
693
1021
1424
985
1257
1926
795
1603
4145
152
683
388
5095
340
412
580
114
1131
102
227
5676
130
123
455
1519
1992
757
233
3073
206
386
810
384
225
434
383
462
1334
414
1559
1203
613
979
341
1585
369
122
502
1116
734
1905
241
597
639
155
131
60
799
1274
126
1008
832
3625
989
988
644
294
403
60
275
1090
747
271
597
1154
147
364
108
1314
1339
43
453
1250
1470
330
1801
140
2205
243
306
1085
414
65
3443
284
600
670
152
279
540
540
486
296
279
282
1000
288
307
278
393
1181
136
33
866
2105
353
405
1098
1309
342
1034
3875
300
162
514
441
77
1148
672
49
182
189
280
284
2668
789
48
1850
249
94
161
152
750
572
399
46
149
281
947
2243
578
257
200
2893
1741
289
127
416
170
932
248
270
3295
1106
664
931
317
2442
4283
1114
3406
1296
1518
118
162
257
200
202
312
186
243
224
351
302
145
163
1024
82
344
211
2914
511
230
211
464
518
297
4460
373
1459
428
233
143
605
1115
717
156
348
145
221
1686
165
1349
299
1199
122
603
760
521
282
309
319
187
1911
136
432
203
185
98
447
2571
1574
247
593
1406
164
45
810
34
721
602
1507
46
347
1131
76
1297
301
388
909
4778
1086
611
669
348
197
90
95
207
262
146
330
174
1077
541
979
537
1305
230
897
188
562
97
68
810
277
240
224
2439
2256
933
650
701
355
386
912
170
514
305
3199
1264
953
280
99
1011
119
718
324
324
375
717
249
293
66
497
89
67
2187
593
787
1542
159
862
327
264
1167
113
2042
706
59
88
47
2424
301
41
118
232
126
134
459
44
11
351
297
459
176
461
663
338
93
137
43
95
203
566
406
380
173
78
382
46
186
53
779
574
179
169
152
582
104
206
991
252
203
882
280
360
157
476
437
179
959
160
83
1644
162
725
406
657
183
348
273
116
244
3427
1960
98
268
526
108
177
82
116
259
70
121
638
152
62
55
65
391
7118
2386
395
3111
53
2095
468
318
1670
153
1032
195
57
544
6450
1413
494
1025
83
984
313
1618
82
412
185
72
1137
256
214
46
296
1292
1014
93
1146
622
1302
919
26
132
653
76
1517
620
158
67
288
1293
1494
544
152
596
275
1394
283
475
774
185
104
658
2592
76
1478
355
1967
135
869
1071
2079
4884
2107
397
137
49
1039
2574
57
639
671
230
27
1261
1246
576
498
108
136
542
1266
293
63
303
162
284
505
193
148
3385
89
119
140
452
193
149
524
433
1251
620
129
756
702
255
1413
289
247
1918
904
579
323
463
224
156
177
301
198
133
796
69
52
758
209
849
395
935
1056
282
433
214
751
111
557
1119
305
3328
1793
4195
610
1622
444
63
2930
220
1283
656
2397
463
131
352
936
236
564
177
111
59
87
1065
57
1002
308
798
1312
115
861
287
759
587
2151
1725
552
148
2448
234
2553
173
1238
588
236
859
997
142
112
487
75
189
106
493
172
181
2021
3647
183
87
35
91
159
745
561
698
394
69
3119
477
197
1337
78
2288
94
94
1233
567
573
3722
716
32
49
515
1695
331
422
797
472
1263
424
912
1240
419
69
300
3005
602
237
1535
104
223
1269
1204
2911
287
2288
122
352
561
543
189
93
1220
2083
301
426
171
285
498
1412
542
578
1281
157
886
162
155
165
704
872
112
980
2236
2151
1517
1926
384
57
2493
446
75
138
881
220
515
1592
934
907
1291
3034
538
2007
192
49
301
166
1769
357
840
250
1585
2375
654
1693
1175
2540
8737
660
2597
8863
1517
1052
232
3608
737
535
2099
6014
1352
289
316
267
1142
600
126
1071
92
4125
1081
1011
260
296
832
359
2566
7337
951
402
2143
150
235
1046
688
1496
1057
2060
471
99
233
1087
936
47
1831
32
158
635
1991
32
3468
890
2881
342
156
1444
1191
469
371
708
26
121
2734
2530
663
10
557
1151
960
53
593
1188
2766
1621
60
513
1605
209
1244
846
124
332
2816
471
121
107
219
202
140
2899
586
1854
1048
322
783
640
98
1690
641
5059
1058
1373
865
921
5497
714
1964
1587
1504
2436
839
127
994
388
990
1725
62
302
1092
2194
32
115
129
290
313
913
1052
3054
965
308
31
128
2264
1621
1767
305
1801
815
876
779
69
521
47
1185
902
747
641
54
1307
306
698
553
100
459
1555
155
10176
1991
2396
2685
2999
748
5984
1724
660
636
405
457
170
756
1375
614
1168
470
1784
22
153
330
622
438
987
1527
217
1684
445
361
93
158
27
652
98
319
256
1094
1654
158
131
3092
253
2430
1031
2295
156
6107
2701
658
104
1354
1188
101
1141
5091
104
72
195
151
112
1823
270
125
207
1369
1193
246
279
70
412
550
232
2779
467
3871
1175
919
2583
1935
352
906
821
442
261
2003
543
913
3415
582
785
541
336
1460
928
233
219
65
844
4331
1566
547
686
423
1777
60
1129
495
223
278
185
196
785
6000
250
2592
550
210
1851
782
522
330
175
1392
211
430
108
95
314
477
519
573
215
485
621
149
2615
96
832
105
1017
847
298
1506
301
1233
474
872
510
1006
304
658
262
1001
601
377
965
395
1727
668
573
412
101
344
1069
733
498
2127
1031
2277
1363
995
122
851
1400
361
3051
1467
105
392
857
177
85
959
216
928
882
1391
2874
1250
1002
1029
417
2043
331
502
705
621
605
927
1078
645
887
121
403
157
826
48
666
130
102
245
527
276
2275
88
466
416
225
1022
3807
484
1206
586
1412
804
431
175
2038
444
156
155
1406
536
522
792
210
718
1162
53
548
415
77
2069
635
316
1233
385
560
121
76
176
155
408
286
107
505
245
818
3287
377
3173
1954
872
480
193
287
188
266
482
88
169
138
414
1224
392
4435
655
1077
1009
112
98
112
235
214
272
61
582
130
1871
88
1389
344
1613
294
509
943
122
223
184
420
375
239
213
1054
184
1266
561
340
256
125
584
2422
444
208
336
887
691
173
148
128
732
65
450
45
1060
52
45
93
123
604
960
269
80
63
475
238
145
158
346
148
244
204
133
3351
885
627
89
396
1549
134
797
164
1062
3611
579
919
182
2049
325
338
77
173
176
104
52
235
156
466
128
1271
97
58
360
87
244
784
547
402
184
737
1386
264
155
153
58
490
616
303
345
118
420
239
303
116
423
638
147
296
926
805
587
491
89
138
732
156
521
303
2521
108
202
69
141
147
213
227
465
254
96
261
2542
68
708
2109
115
130
588
337
164
301
383
1823
83
2453
168
99
121
827
81
90
81
213
323
141
116
782
1204
210
153
104
307
179
277
644
1117
682
137
51
294
387
246
145
119
1366
365
365
1391
601
1778
1244
106
243
1472
111
391
10905
3501
2334
1527
162
1531
290
82
384
1718
556
1467
163
3692
236
81
131
268
396
1163
186
425
300
532
116
45
811
351
478
426
1156
444
826
105
620
3045
4453
2134
84
288
201
234
281
1025
715
111
2013
25
1042
477
92
393
643
2030
288
309
357
1040
910
912
387
369
1422
1280
144
233
225
917
93
720
377
212
1386
1189
334
250
382
1161
761
321
1351
510
419
562
1686
821
42
514
1269
401
165
1108
1348
596
457
15
182
807
2272
99
87
587
2287
408
748
557
1176
160
1358
148
580
1082
109
1575
1074
349
378
785
274
459
2253
734
827
1272
559
96
1116
384
418
349
133
176
2170
671
296
653
207
172
258
670
663
747
324
2100
362
1624
2875
588
294
4087
474
535
281
3111
1335
285
2934
1206
283
3868
1584
1654
1072
636
1072
636
891
267
550
205
791
1486
49
32
901
1578
1501
434
2047
294
1847
383
1095
1464
558
3194
3228
1113
2133
3707
1750
1524
1606
1238
93
2499
259
614
243
382
114
1031
427
92
1417
201
2117
373
372
1297
1499
1000
2219
448
763
124
1453
933
1325
72
1571
1605
232
3218
1580
2595
1817
241
649
1184
1029
436
245
1618
2652
2280
2417
242
2762
193
1070
686
2849
430
439
701
126
1466
269
453
1946
3344
1185
3296
591
127
616
1647
986
494
213
454
778
3434
316
381
419
310
248
1221
731
2494
1337
108
984
1207
883
179
793
638
573
106
2811
664
103
400
1154
2512
874
3103
209
1495
77
38
3448
347
1672
1065
449
980
1587
1022
686
712
216
217
369
773
225
368
931
79
518
796
260
285
209
1476
517
619
1605
765
684
48
252
314
100
2286
311
548
1832
874
209
1683
1363
2010
2990
549
147
286
1849
1222
640
192
377
433
279
1190
22
424
293
457
397
329
329
167
501
95
1179
190
295
252
2028
332
435
645
471
1857
1456
746
653
443
181
2383
553
401
1309
1090
983
147
158
1598
346
289
598
203
657
416
524
402
83
86
1388
8910
796
1273
1511
291
1462
649
85
116
33
826
990
1705
1633
4398
1844
5329
2015
2714
130
137
843
225
1099
3204
809
8211
351
3114
1973
192
4322
337
1742
518
539
3461
1159
3516
5436
2319
1384
1514
1030
1633
277
827
632
519
1215
44
262
550
705
431
1137
572
336
527
492
1981
350
21
5839
769
876
1110
32
72
47
419
1575
32
197
1573
112
128
3533
553
194
1150
1312
1558
2367
1349
480
1076
74
773
250
1288
1197
1491
878
1494
543
32
49
723
1975
1261
1036
752
1130
3760
1228
55
482
90
897
165
336
165
166
2996
2347
236
569
3161
1836
54
782
50
258
2020
466
1140
100
2166
2689
2678
77
137
594
622
310
505
236
132
604
59
827
3457
528
206
608
436
968
391
2804
396
2267
258
857
1855
2147
2194
719
737
1128
1575
829
1258
433
290
814
1152
1046
929
181
385
1679
1291
291
730
3098
835
3361
1564
669
781
1484
338
101
1491
430
121
847
1479
427
147
852
782
5388
1518
1525
235
1449
1626
893
3048
1362
30
870
168
1060
808
308
435
1219
90
928
49
317
2749
25
1338
1029
1387
716
7336
383
111
537
231
2716
1084
518
1527
203
398
241
272
830
2062
246
764
745
204
65
445
1760
271
1196
833
631
1412
779
933
650
2005
5320
268
913
882
528
326
1167
76
36
382
3162
581
1529
261
257
969
124
92
679
5714
83
1030
1254
201
701
569
247
216
1999
3847
376
3210
1344
94
1354
158
3126
3075
1262
2742
165
510
128
32
2102
1595
165
1730
158
94
771
180
230
490
1357
4772
121
1060
1176
1238
1838
101
1986
1299
95
693
4158
491
2058
1594
3907
209
150
101
348
337
532
937
1332
1368
760
232
722
317
290
2097
97
1112
670
527
81
608
303
453
174
40
174
1011
523
1001
2348
265
3396
931
539
387
1168
623
860
793
1677
184
867
740
131
688
1200
198
441
5050
1482
1066
1120
178
2946
537
423
1174
281
618
444
204
103
129
6421
1460
187
557
730
140
115
1919
1262
1242
1537
1763
241
86
111
411
434
184
216
979
348
206
149
198
575
123
156
184
139
937
5119
154
19
583
230
312
626
260
428
1364
3787
572
3553
229
60
751
2273
4040
2596
82
1782
445
398
709
1719
3015
2614
220
175
29
183
616
106
341
128
1187
379
1023
1016
1380
2986
1433
182
1620
317
3478
2492
668
2340
183
1935
2848
141
237
1167
171
1474
250
2161
432
2449
308
2838
307
3440
32
1576
772
406
425
483
118
802
1134
713
1185
377
464
1050
1952
273
149
1326
2206
686
1464
239
1069
352
1034
667
1348
863
857
1222
6725
3834
40
129
1623
421
164
109
2194
332
506
157
53
2933
696
1884
205
431
1448
1220
1060
90
1814
4803
1657
850
945
849
654
818
95
2029
618
1027
1796
2747
3770
2410
3630
3456
205
2851
1488
531
424
31
1739
1169
543
900
918
209
157
195
96
649
989
357
170
123
1176
374
570
1454
360
1662
1361
2003
445
301
795
954
2039
3601
90
492
2021
2891
293
1633
70
1098
394
163
105
412
454
157
818
186
206
4485
298
252
2717
2101
507
456
1040
989
5379
749
1276
2293
1282
333
275
663
2500
2534
882
1266
1224
451
867
109
1493
997
391
1536
584
275
617
1562
2234
165
399
2571
26
2314
32
157
635
2194
431
694
1254
537
32
171
480
45
1992
453
66
155
539
110
116
2288
21
215
359
2661
970
1260
147
165
1120
47
681
680
509
1572
36
784
860
623
1168
496
470
774
603
837
215
919
161
660
1571
84
1238
671
147
391
950
157
3026
643
402
2918
862
54
2595
2975
112
107
543
571
936
1046
331
441
645
478
299
296
48
59
425
1385
1356
1632
2598
779
57
1428
2481
2155
1139
755
86
84
367
1987
1672
811
159
2683
119
3065
358
136
151
1438
490
910
572
3202
1327
483
234
209
58
515
167
45
5676
149
674
153
430
1966
981
345
1086
291
749
510
901
1429
1067
1175
545
26
139
489
463
1669
2041
2166
3889
90
1182
2550
655
507
80
193
259
110
143
101
152
194
434
224
114
2397
1421
1744
436
726
62
104
172
674
381
318
144
162
475
671
2046
978
490
49
270
92
1025
407
586
573
820
485
91
335
1238
398
493
589
199
434
189
3643
605
414
378
1043
153
79
226
679
1272
74
1975
541
268
1479
1233
1135
408
1080
470
570
585
412
907
247
776
3200
3433
365
328
1589
83
877
246
132
1384
183
181
3235
1186
926
865
253
1096
643
2533
482
60
1259
1795
681
287
2190
794
513
1482
563
99
1056
91
2846
766
704
367
1452
420
178
1303
2111
584
55
661
825
1772
1517
332
1293
632
951
294
796
2007
1623
424
3071
1933
166
939
2763
2381
270
496
362
561
1990
658
104
1911
366
635
217
47
237
725
227
456
311
465
794
544
419
474
304
960
143
212
2078
5521
107
3618
1446
2777
2899
199
656
295
3546
1651
318
1170
616
865
704
61
3511
763
903
2609
1803
128
1792
340
327
317
2111
3371
775
1168
137
296
578
3176
904
1084
3086
3205
2294
2671
161
62
31
206
701
1954
1641
429
293
1007
648
49
1046
919
2879
652
819
384
1946
845
1064
235
5431
1204
450
22
2509
182
791
2033
865
960
1393
407
44
59
259
116
139
46
527
2919
1429
632
261
1074
872
2863
708
2056
306
1710
3331
1333
37
518
66
415
1346
47
77
2100
32
49
596
979
578
3410
439
104
658
1939
115
248
492
248
510
773
1747
26
1042
37
263
158
474
105
1690
172
624
784
1048
81
244
211
308
885
434
459
1505
130
191
424
111
131
805
759
346
464
2353
98
1001
1001
753
406
753
72
2844
3852
564
445
630
654
962
1522
167
1955
1755
6187
104
1586
209
178
491
1535
237
602
1234
897
193
954
107
707
3720
122
1286
101
87
437
82
600
950
787
1294
651
210
183
956
169
1146
895
795
2184
562
2284
427
1036
3491
1629
401
1233
2440
118
6244
128
945
3733
122
814
322
35
860
432
615
4330
155
2548
1269
547
3352
639
532
2283
1211
333
982
429
1501
3147
974
761
951
3945
2866
588
954
255
338
1343
2660
165
3510
1768
2276
1123
160
151
392
6358
2874
1227
1666
929
1528
217
95
87
1413
2511
4057
2180
1701
969
1743
444
327
212
190
7415
49
30
38
137
451
963
32
38
30
49
1195
3361
3102
208
106
363
4417
184
3326
209
1194
133
2791
3958
1122
638
103
425
32
49
2650
1442
209
1856
4966
1463
855
979
919
563
263
177
49
1042
632
162
1200
32
5504
1931
321
1025
772
741
113
142
2510
198
849
1347
788
1094
402
950
1331
2690
2708
1221
865
1242
1010
476
1249
1633
941
3415
851
1745
85
1313
1659
243
78
1485
115
3417
538
3455
947
40
2554
2582
620
956
1342
897
646
1648
383
354
823
524
1248
1082
385
1518
1443
486
698
593
447
971
2690
474
164
5576
5125
422
623
753
642
281
1506
1359
1095
21
1182
590
330
202
550
482
2657
1596
72
200
1763
466
697
112
518
565
409
450
427
2796
107
452
808
459
648
343
1944
824
1368
953
122
424
1787
174
163
653
8147
176
3023
694
898
473
691
1056
3
25
121
1087
972
781
161
888
189
426
389
1037
681
644
64
369
2936
1250
189
68
200
1021
2661
151
920
10298
282
961
146
646
288
1024
682
683
2718
1536
733
2122
977
550
486
2126
431
356
495
998
4397
924
363
296
2663
847
66
350
2810
441
217
464
253
277
392
240
205
815
483
551
386
2389
1462
580
799
1216
1549
401
49
32
3193
72
225
1054
1040
962
1645
661
243
266
429
1568
602
1337
127
149
224
162
308
1467
117
347
379
457
302
511
273
103
441
16
312
155
72
351
107
91
465
127
123
166
113
358
1481
1276
1637
249
108
1201
122
119
83
5892
2147
992
363
1028
720
50
375
287
3289
856
290
32
4745
408
10785
878
42
2704
370
647
685
28
108
1867
2621
782
118
860
623
1168
157
1137
1948
1063
1498
702
878
146
855
718
95
430
1600
27
2124
161
62
21
31
206
712
2018
36
46
83
684
245
158
119
263
1014
907
2108
417
212
158
129
230
393
501
535
401
2132
149
617
158
1151
152
1003
546
949
2392
215
477
825
1307
345
289
1589
1112
892
688
91
1918
1337
4379
3661
180
274
222
201
180
1468
75
222
422
650
100
419
429
527
1918
629
1194
349
503
56
1555
168
1148
1114
289
397
29
157
4374
468
1646
777
730
3623
1053
65
7768
236
3489
574
349
1123
989
387
546
2821
294
1228
1257
1364
1061
1084
4903
550
796
631
2232
1321
2110
385
1193
1514
414
132
1107
1333
579
499
895
34
251
3672
425
811
1327
1106
1468
141
1544
413
885
459
980
629
2159
882
643
424
646
217
459
424
916
899
1580
817
362
208
1404
202
897
295
1220
1249
603
1898
231
295
730
1139
970
1404
318
621
385
793
290
183
1845
557
116
648
1600
357
816
458
777
48
442
448
1313
31
2124
1408
800
138
188
1216
1606
1827
186
1867
263
3718
1650
209
1333
32
49
4260
799
47
32
1016
234
2683
2099
448
344
152
704
719
848
470
57
634
317
2043
581
305
1551
2487
331
304
43
500
1366
987
189
934
689
881
1125
460
1329
1912
735
99
211
99
760
1571
861
480
1334
244
260
2786
1079
949
1023
2025
784
108
1891
383
1611
654
1251
2209
1352
461
24
2429
1600
414
551
709
1145
1020
280
264
108
2425
1817
1724
447
2683
1050
2752
783
130
193
849
3900
1833
760
705
1350
375
402
170
250
14
723
243
1329
314
1314
62
6675
1603
6539
2396
3077
54
215
2704
3370
587
751
263
312
32
319
3642
439
36
604
62
32
542
368
90
288
990
289
316
651
381
342
672
586
5005
509
414
412
936
904
511
1008
1234
505
407
2386
261
305
1387
2408
2511
3758
32
81
301
128
309
2832
332
296
1391
2204
771
2234
348
1404
1495
610
133
873
3292
1405
500
873
1094
1616
335
505
150
92
484
3708
1052
783
1729
1202
1605
373
795
739
358
426
601
1386
1436
816
220
4566
126
247
311
1514
754
583
776
2926
851
1754
47
5359
486
1122
277
84
2868
374
725
285
209
1550
774
329
716
439
27
1284
951
748
1114
540
463
425
1081
183
57
550
1696
690
2907
2307
196
1044
358
714
878
897
1704
859
1692
132
1021
1510
909
1261
387
1031
2517
10219
2264
1129
1389
1954
1080
1663
698
4384
5285
1071
1697
1947
1623
1334
3853
4100
1236
498
845
845
2363
3102
1913
1408
2230
1161
849
1763
2466
405
1470
3305
983
31
1166
1555
1562
1977
4827
3806
1619
1814
637
4321
289
1008
982
134
1067
471
550
1554
681
127
3166
2679
231
799
740
262
280
2680
267
153
2
752
1078
202
915
3052
1183
1923
658
104
83
528
56
1995
385
989
2729
169
810
2298
190
2905
42
1962
1200
2479
959
848
745
342
1008
1395
470
449
1258
587
109
239
292
319
315
578
925
268
931
103
313
90
446
643
456
849
417
164
1297
6137
1586
333
1650
976
106
1555
649
155
127
2
339
3373
4491
2378
576
60
76
322
4275
371
341
159
880
592
3756
1696
924
468
1858
1518
522
420
623
759
136
291
430
840
929
315
639
627
471
563
76
994
122
2275
780
3000
1006
759
765
1675
864
326
69
274
1121
218
535
1407
257
344
1595
181
1040
671
227
2369
288
59
957
526
705
1972
849
1207
1371
97
1006
1206
224
1117
220
807
509
264
322
1676
643
1014
2105
2120
11
1251
957
625
1484
691
1212
1463
1240
1015
224
126
542
2028
2391
950
825
301
985
618
169
1318
160
346
128
32
1622
618
1342
1667
3289
93
98
2325
997
445
280
650
2298
256
2324
3443
519
456
466
523
1248
100
238
554
85
1607
1695
1108
113
970
375
905
418
243
253
243
322
146
790
445
348
604
1411
283
666
226
515
275
134
158
430
921
928
216
26
45
5
1289
1554
275
300
64
139
125
276
262
166
323
1492
1748
2092
2566
1033
3366
3642
9411
4598
609
3422
1395
380
260
602
278
645
1778
1582
2120
902
167
1558
248
67
459
70
1049
313
237
133
291
1042
439
399
676
899
419
1551
164
465
131
1392
358
494
1256
1811
641
631
207
66
3486
230
3366
1827
1003
1112
605
182
1897
763
4075
1527
405
590
32
47
1365
1570
1051
303
2119
1509
1680
104
510
172
794
317
357
122
733
124
155
123
189
164
541
659
67
295
560
140
374
90
798
111
140
67
256
464
204
522
39
917
714
370
269
5694
128
32
1034
1702
6072
621
3601
210
3077
1211
10213
1781
444
60
869
2820
348
306
276
213
618
1499
1592
94
203
966
317
938
1019
27
72
991
180
279
694
1482
273
185
64
740
724
125
140
1101
174
493
459
1000
967
2257
2830
1519
695
1495
1033
2953
701
858
402
90
828
296
160
121
453
848
280
1114
800
1481
1987
387
248
1378
762
2101
322
272
549
549
743
585
4141
1115
215
2138
1006
970
675
224
897
804
359
545
587
85
156
471
93
411
5597
493
383
117
553
298
524
904
883
765
1782
134
1775
2172
1630
1267
1171
1063
621
260
161
663
230
1490
971
720
824
534
537
214
448
967
452
544
3866
641
572
1540
32
1890
49
1719
543
1720
1292
962
781
1919
3050
389
346
887
319
754
592
284
682
274
661
25
1144
610
225
238
266
342
51
360
1615
592
3140
419
507
802
657
1111
128
102
49
365
3573
425
866
182
897
1068
53
177
209
1925
254
1775
215
1975
2130
1551
7552
971
152
2802
475
1437
402
49
32
966
24
2884
2962
135
54
4767
472
850
1193
361
2464
718
346
128
32
1905
385
99
255
174
217
4195
466
458
1327
2364
525
1166
1943
92
491
98
513
846
1708
241
1830
1021
540
580
1918
1195
945
85
113
1117
3873
334
252
1013
2387
368
1713
115
149
1515
1538
1071
327
891
902
1914
892
100
501
323
254
198
1208
1296
924
1863
110
687
706
149
218
757
1708
978
1378
352
4011
1227
620
1268
2595
482
1045
2315
3634
209
2407
933
206
31
249
62
161
3027
397
271
376
241
1978
542
682
1217
2632
676
4205
861
110
959
6242
497
535
4186
1520
544
391
1318
1403
896
2211
1273
947
290
218
339
604
82
721
313
3064
58
182
1414
604
718
975
1363
1193
385
1110
528
870
2003
57
4139
3590
878
266
96
21
227
177
1264
569
642
67
400
378
613
230
3055
1428
196
138
1977
314
1659
199
837
160
330
1285
162
385
4056
296
692
30
1331
702
2105
2614
317
362
1737
1483
719
425
1721
921
20
228
148
3009
1737
67
2102
2828
123
488
1580
826
2411
4564
4066
766
584
892
2097
548
346
316
855
626
871
1237
244
1839
1865
806
381
390
1562
828
494
110
138
740
1351
924
100
296
186
1761
811
2050
499
2902
1039
1202
154
1789
831
1313
1813
183
1332
1275
104
213
242
1147
376
1371
912
1093
264
636
1133
345
387
1155
617
67
28
1712
1223
311
2416
427
1001
188
157
2270
1805
284
2926
137
50
7348
49
32
1808
119
32
6393
74
222
1768
1441
1718
2767
646
37
316
323
138
672
784
41
616
199
692
184
55
65
57
1
264
127
3337
80
140
948
1735
1422
1001
2939
396
511
586
208
141
202
269
741
158
1135
309
1181
245
176
289
118
349
1273
289
305
30
1774
337
202
32
49
2662
1709
228
116
608
920
110
72
309
129
653
32
406
29
563
1730
736
828
158
74
210
2041
219
2327
2522
450
1178
125
135
634
3643
1350
1791
562
119
1245
729
610
1113
117
2661
132
295
55
313
813
2437
765
139
1170
532
516
1812
1347
141
114
86
110
351
274
298
204
436
560
249
743
4489
45
392
1543
1457
638
139
64
1256
1093
269
360
296
4996
309
4967
113
2012
371
226
1783
698
177
638
139
867
1429
1498
216
48
748
713
2526
338
2804
445
1006
277
2237
1941
2577
1554
561
379
1293
1719
808
304
1668
178
2409
3903
3083
46
1378
1099
1913
506
1423
1045
2311
237
1511
104
1862
1588
450
503
270
547
176
745
175
48
75
294
50
1341
1063
511
1438
288
473
325
848
326
3047
256
92
2399
1483
493
1422
655
1145
943
1616
704
3646
1068
1566
3141
1596
1024
2772
450
4046
1875
803
2102
252
1686
718
572
1948
642
995
303
1688
93
246
814
451
494
386
517
124
109
1221
799
773
1125
1588
1766
110
432
448
2276
2709
1504
253
844
2444
2354
3376
1269
1193
2635
178
334
1365
363
1778
293
195
803
522
696
351
749
238
207
458
32
128
486
1049
209
1153
238
1226
1722
373
556
1796
392
350
777
964
747
843
1146
197
753
3677
335
136
2366
743
221
6992
3979
3870
687
623
424
631
438
49
1755
2666
209
279
1047
1209
1537
688
190
1235
1127
1236
410
2730
1817
507
483
1198
429
268
705
672
599
57
2076
830
560
931
2151
129
246
1363
442
786
2438
129
495
178
154
1598
303
1139
1545
1136
1031
742
242
1352
703
140
559
1903
138
667
188
318
564
432
282
578
1190
1005
285
1103
1142
610
908
214
794
369
50
1521
1693
332
263
854
1978
1191
456
2562
88
1048
801
475
1960
188
123
634
977
427
1565
978
67
912
363
675
1619
1018
2588
725
1004
2046
4688
901
454
378
299
25
689
365
422
1112
981
962
81
390
1693
224
246
635
1452
278
1557
1127
238
1278
396
1029
3435
652
471
106
673
577
899
943
38
628
158
646
323
91
1440
406
629
92
1612
1210
227
188
72
94
238
493
221
513
1034
713
375
98
709
628
707
483
1240
3284
268
3456
266
271
431
2687
624
3603
121
516
466
837
2237
660
647
43
1475
817
3934
6731
3373
236
441
234
906
1125
43
68
340
4470
2204
502
262
453
789
4572
345
205
289
245
524
577
2220
184
1839
692
248
7189
2202
335
675
833
137
6666
382
308
158
1243
913
1577
108
130
205
261
397
948
80
2210
182
336
814
123
81
205
73
260
77
142
239
1329
457
2835
1636
1221
49
686
2480
662
923
277
56
175
1132
88
496
413
399
912
273
648
149
923
1401
209
62
717
1269
156
428
67
318
1183
289
34
158
838
587
86
352
445
671
24
1219
463
295
512
22
729
423
51
650
158
56
1548
496
307
522
129
199
490
1615
2214
928
657
159
91
52
43
79
99
226
580
445
91
371
326
629
110
1443
211
1336
479
186
469
322
307
399
585
48
42
1321
27
2698
1883
2803
181
287
141
1225
336
920
550
611
868
401
625
226
581
377
133
1225
2397
2157
2201
107
621
397
2071
90
284
469
3123
840
548
394
665
479
249
302
1984
893
622
956
1316
712
4246
2303
4780
449
135
361
1163
134
428
578
1967
670
103
691
1308
577
553
463
1434
1222
619
1502
1972
433
742
6483
7888
257
420
963
1382
662
1191
1793
174
398
1090
199
192
1264
52
488
1075
443
466
659
852
1767
135
1749
443
411
1736
1222
267
661
918
47
51
667
972
2420
956
314
400
57
60
430
4037
119
159
2843
2871
1503
128
92
385
318
91
313
461
145
815
888
146
378
490
400
956
952
1020
1608
1091
351
22
603
1017
1650
830
1459
378
675
2554
1275
71
523
661
6400
5378
1774
1685
235
313
305
2500
1105
400
628
1144
412
314
939
822
48
1113
1051
620
522
565
890
2737
629
296
112
160
242
3932
444
981
105
43
1531
2873
729
1649
408
1447
3511
167
854
182
784
97
687
112
1226
733
1431
408
115
3552
112
414
536
277
1091
147
220
417
965
289
3519
3086
817
128
631
1631
175
795
311
3673
1828
455
946
926
346
135
239
1312
1543
1028
553
819
542
682
179
486
3060
234
2484
3278
6434
511
176
1943
1734
104
4835
2103
863
1752
1126
403
2089
2434
342
357
720
136
383
1101
3404
321
1630
316
47
496
883
1101
2656
6055
3663
62
341
459
1087
664
152
207
1016
1169
904
369
144
255
139
1570
1369
394
619
45
103
609
786
788
588
171
186
686
409
528
277
290
61
187
178
1412
859
2591
934
2774
2450
990
2226
132
249
1399
3079
127
274
534
120
1267
63
1496
175
723
599
1339
299
1036
1440
2243
1561
209
914
527
32
49
784
49
365
1238
1474
1049
1101
295
1023
229
2297
2320
352
148
984
1373
488
352
714
26
416
114
631
688
827
483
262
223
395
771
143
251
477
511
190
99
123
122
1520
271
199
261
63
1023
260
110
235
216
125
195
271
265
137
147
40
412
386
775
240
61
405
384
944
272
188
36
1455
1169
641
189
541
439
115
182
195
480
448
346
492
184
299
1147
294
294
260
633
669
196
14
114
639
2909
666
403
120
195
290
104
99
89
335
921
1563
303
257
557
315
254
172
255
1166
148
292
110
168
229
192
417
235
135
121
78
189
203
128
463
290
638
320
822
97
390
126
344
160
108
248
496
127
110
207
494
160
563
75
98
184
174
86
489
503
33
110
240
191
756
850
481
126
370
305
310
254
94
50
165
275
1116
594
67
119
321
141
198
104
413
782
513
408
102
271
1376
296
13
271
667
339
79
122
153
380
393
494
188
145
10
194
31
439
794
376
47
38
114
221
234
130
142
99
163
1361
979
226
461
151
390
68
117
1455
564
233
89
97
210
239
103
225
39
190
379
94
397
220
1676
244
192
261
141
172
281
893
1380
1767
46
135
115
1297
346
629
276
521
1684
1960
527
250
969
564
414
125
2748
5
346
1551
35
87
257
169
99
118
49
118
51
116
563
1052
1149
480
126
392
217
400
293
396
352
300
248
246
441
481
146
1011
209
259
64
95
495
2530
343
78
227
91
302
271
83
538
807
323
605
157
71
69
47
1168
366
173
74
186
51
40
91
311
419
163
194
173
101
185
147
95
157
241
923
143
357
162
113
331
402
416
428
105
172
238
132
277
384
207
201
406
204
37
272
65
219
126
191
270
322
102
146
135
327
83
305
144
273
758
567
388
353
325
587
477
103
43
22
410
725
1272
157
573
60
90
79
23
63
488
139
85
279
2569
186
887
140
148
62
209
156
256
401
72
271
442
158
521
224
33
882
914
1766
450
458
800
382
245
241
78
539
332
318
121
309
608
128
244
195
1960
187
129
356
2049
217
166
454
194
349
129
54
379
311
566
269
56
189
255
207
359
156
75
27
334
248
287
388
126
162
219
75
134
206
74
113
81
100
303
97
97
167
106
680
1255
273
54
458
169
333
1442
419
749
9
229
342
501
300
508
28
147
132
98
190
657
251
239
231
704
602
785
76
289
413
119
1762
92
201
168
1334
190
112
51
546
105
106
297
237
34
229
255
144
152
254
428
377
104
217
221
1283
532
486
570
62
258
448
248
105
399
426
1245
519
300
169
127
73
68
360
90
37
551
245
89
186
520
862
128
111
50
1616
295
1339
1117
67
490
115
136
200
129
105
48
272
414
124
141
846
139
112
3416
368
110
113
60
164
983
147
750
963
1151
382
263
521
401
210
131
882
91
139
130
289
279
42
279
273
75
257
287
74
104
691
772
2361
400
150
172
157
1165
58
342
117
535
157
166
138
60
54
295
1013
326
227
114
317
446
100
592
1675
985
250
654
583
296
106
173
732
465
44
163
95
159
109
267
67
378
1112
273
310
41
238
426
789
678
516
27
1405
757
298
241
205
1035
209
1070
160
71
100
2019
224
576
37
525
199
243
268
405
41
229
224
297
223
128
196
132
167
2048
328
269
793
65
195
210
350
291
247
231
201
516
461
573
305
185
62
351
83
338
215
87
108
104
459
99
293
106
134
305
471
147
124
861
1058
203
159
512
755
107
153
596
553
1043
218
115
296
868
119
140
134
159
72
111
385
268
68
644
410
1288
160
825
99
326
251
184
211
210
1435
2476
298
565
1338
539
240
208
402
304
26
239
126
1490
845
294
122
239
769
698
163
510
401
2251
482
669
169
371
354
79
2158
319
2574
158
207
109
373
381
347
188
270
435
295
154
968
190
269
207
793
521
1127
126
1830
88
388
862
1163
522
598
180
254
760
1156
767
429
273
439
406
165
452
784
631
120
91
178
143
1469
801
340
500
1751
2666
116
268
85
63
97
266
61
1673
606
175
248
553
575
85
117
1020
262
905
941
385
2080
2578
32
47
556
1912
1193
3108
993
713
139
102
313
2975
67
267
682
377
175
205
462
311
97
118
2469
173
261
3514
2743
88
96
1032
210
845
2558
229
552
566
853
153
82
283
232
124
235
847
1109
432
134
178
439
224
86
131
245
114
112
137
1302
2064
884
122
38
498
142
142
1308
751
2357
346
568
45
149
533
156
4996
156
60
4573
4557
884
1737
78
367
444
249
290
1063
1073
223
836
102
229
3223
4476
2095
86
587
923
134
650
1053
82
136
235
508
14
126
1315
1941
263
288
400
184
126
295
711
777
200
1319
92
141
2438
108
991
48
32
99
7
142
207
2236
1038
8372
27
3319
209
1538
123
84
5693
1891
263
200
209
24
42
2195
313
617
103
27
2324
1647
542
32
49
1310
205
2875
1133
2644
597
32
132
49
635
322
398
503
1533
124
490
393
722
1723
213
548
254
153
888
670
286
1331
536
700
1430
1686
1563
466
136
2639
158
370
697
225
113
294
1689
1599
199
495
1200
991
2690
3153
1090
774
793
1129
883
1161
2062
636
199
279
451
2300
1303
997
700
858
2609
2686
201
772
69
494
1673
577
2699
707
3343
315
242
2318
49
32
1113
562
32
873
127
1064
480
3032
61
2299
354
961
2261
428
979
302
1574
276
351
1431
333
365
350
482
3782
1591
394
430
1342
1128
381
1656
669
1115
1237
914
642
553
2069
6047
1109
1837
690
1661
667
197
2415
829
155
378
869
299
1827
985
647
676
552
70
235
3437
1132
1431
2104
234
2771
2787
1230
5506
1832
346
795
311
3313
2068
455
946
926
390
135
239
1328
2529
4757
2946
31
473
34
168
907
48
1490
1187
3096
2231
500
317
1998
1138
1944
1354
2328
831
553
506
1275
1474
2828
4288
1114
2075
161
62
31
206
702
4306
416
58
1275
711
979
2506
220
132
935
236
2066
278
172
194
103
3907
979
56
681
329
1565
27
990
1405
450
133
203
83
223
2322
440
197
416
1230
476
189
417
463
57
513
1627
2744
173
2911
275
2227
676
2207
325
67
314
279
1312
1969
448
153
48
1481
1586
781
153
2039
523
681
763
869
1004
421
158
302
187
145
341
115
162
276
141
4585
23
4787
816
340
2249
77
619
805
810
1677
525
81
166
1288
1098
2225
116
130
769
3304
181
344
561
1387
146
1989
1557
105
5094
4555
12328
125
236
222
677
1348
3035
7975
5078
62
2649
819
782
2901
2145
622
3
636
1487
2331
3265
821
3428
85
203
526
520
670
971
178
185
519
881
137
1318
870
1175
168
446
1518
169
1180
986
353
937
1126
143
742
2675
884
3256
831
880
2817
1651
323
1355
598
483
130
303
539
1743
720
293
850
616
507
2043
3452
1189
226
272
318
1926
1354
57
1531
340
1279
680
334
904
1259
519
1033
1920
663
230
113
367
194
580
498
664
391
206
204
297
788
1762
756
509
174
155
1335
1272
660
113
16
118
123
98
682
1287
890
890
657
170
686
875
344
570
3043
303
673
153
296
1028
318
61
594
118
88
1527
205
208
1987
205
208
170
503
2764
740
226
303
998
331
175
309
140
94
149
170
230
1231
2119
239
960
278
541
398
722
83
175
549
1052
400
237
372
240
195
224
1
240
1297
1712
970
374
4371
63
306
275
1067
686
445
209
373
335
150
343
507
183
94
49
129
364
326
55
283
608
48
78
211
109
326
75
98
21
104
377
682
205
135
579
585
753
190
288
146
138
751
782
114
113
127
123
6
1846
202
278
112
46
83
753
179
51
223
182
731
945
311
271
454
540
162
115
108
197
55
165
141
561
991
953
189
1024
339
383
166
375
71
177
1114
267
1691
100
726
275
833
239
99
473
120
1360
1063
17
307
312
236
673
181
367
447
46
63
759
275
633
217
67
70
64
135
245
164
545
116
134
337
336
150
143
190
102
41
714
243
88
145
308
718
746
217
524
658
552
968
278
79
413
206
127
192
83
358
117
151
107
148
374
375
178
520
717
226
72
1040
133
204
299
69
30
208
232
210
258
108
318
322
299
397
481
142
92
76
444
246
66
107
60
124
191
219
182
279
889
463
124
83
209
266
418
195
369
88
462
169
273
203
522
71
688
105
162
989
41
369
1750
171
602
516
418
1246
1103
4259
870
1693
372
430
179
182
98
66
36
121
596
367
28
1017
761
1408
560
216
282
709
44
1273
730
2729
162
63
1239
290
306
110
76
98
283
657
70
95
177
251
92
61
181
67
91
258
104
182
280
243
734
164
639
607
156
265
200
178
767
309
91
38
111
154
193
170
594
74
42
91
3616
734
912
256
281
51
200
11
390
1467
107
386
124
552
43
164
131
595
303
147
474
433
218
133
221
250
253
355
143
280
53
244
114
123
956
476
709
1190
181
6
114
314
489
428
48
146
105
859
786
1598
166
84
64
2663
148
409
145
184
1520
2610
109
145
1166
932
163
244
6110
266
171
1733
168
44
45
717
123
85
488
499
2892
89
117
126
61
169
323
437
510
113
263
219
372
620
132
300
169
133
128
783
253
214
76
131
622
100
143
250
202
47
299
111
222
444
91
143
155
67
358
143
808
437
899
87
67
62
76
44
423
665
121
53
98
105
332
741
390
138
1164
84
102
54
173
283
136
29
147
2
40
308
737
978
101
40
409
89
179
929
1140
30
209
48
110
864
300
355
1691
1410
467
82
218
318
73
1152
559
1107
375
288
4198
490
899
154
556
466
359
717
1859
851
295
2288
6875
105
1729
2592
688
428
118
158
724
514
231
251
977
176
465
498
480
438
67
140
60
437
524
158
1097
388
73
322
367
976
38
704
206
31
62
161
2790
56
328
1944
66
829
152
118
27
21
308
688
1019
60
548
49
32
5149
3064
32
406
925
82
47
85
28
77
53
135
144
237
176
42
135
115
126
116
177
134
47
108
178
130
521
202
77
46
91
429
229
596
600
114
73
311
684
1466
144
157
555
244
755
142
288
186
336
59
259
1795
167
370
102
113
2063
394
1625
184
17
47
327
1968
346
60
291
1307
223
210
183
45
119
325
166
739
246
177
102
249
351
813
1373
450
794
192
77
1662
550
53
184
159
107
306
387
485
643
74
396
98
337
108
37
1280
320
991
2655
248
239
2460
536
597
594
315
821
300
83
37
55
755
315
381
170
2082
517
129
53
9
312
197
341
1036
741
109
107
112
183
89
74
120
214
322
485
1438
2142
92
443
386
75
107
180
217
948
295
558
251
702
317
189
74
300
58
418
718
1058
116
39
110
398
424
409
738
586
140
315
506
431
94
356
194
2488
430
125
1031
423
1517
390
1408
48
1812
2409
3211
125
464
3962
26
232
296
842
536
426
238
669
596
701
953
152
82
651
585
147
380
2699
352
135
613
276
787
1397
516
249
708
32
169
425
449
787
1854
1044
320
593
556
264
179
207
108
203
837
1049
276
930
1034
737
903
320
429
2509
1031
456
183
201
221
456
713
779
461
356
1789
350
1903
682
251
1099
735
976
780
492
1008
686
213
180
498
1495
703
930
222
416
292
653
772
125
1251
431
608
955
525
14
964
145
446
1299
1959
342
1921
1742
755
544
558
116
447
4675
609
699
70
765
617
1017
865
157
370
3060
1862
691
364
670
112
90
1271
759
1551
846
546
1077
389
822
283
1174
900
1070
2271
2436
1578
1594
366
208
22
2899
402
1512
262
978
683
241
592
2322
561
197
766
868
826
1412
855
2160
1076
1932
1049
627
452
299
738
2359
216
84
5050
1821
3131
619
1279
2086
732
1673
579
4584
2177
1071
86
1362
1009
216
321
241
549
300
1579
280
115
468
484
893
2069
1116
456
150
352
1359
1088
228
700
522
506
266
175
163
807
700
3878
491
5478
900
809
232
1648
623
135
188
283
745
3777
552
520
175
244
85
2125
621
582
402
1461
2504
4806
4914
5672
152
4291
3562
1241
5611
628
656
637
271
1804
4279
662
891
1224
2138
647
1453
1260
1481
809
767
65
983
856
1584
1091
329
2266
508
315
744
299
476
1620
486
1112
152
25
210
1588
545
138
4253
1410
2080
384
4299
1543
1297
944
1387
2124
890
695
949
1130
450
340
322
156
257
1045
738
1160
967
182
995
2802
1222
4366
334
4201
1844
2036
561
1246
677
3845
662
1155
611
773
3455
1899
1908
645
1263
1612
355
116
1331
459
1196
656
123
91
1470
547
716
3709
3131
217
1288
237
205
4475
73
990
457
1289
252
302
192
1032
2119
1963
359
282
2117
1791
57
668
1176
2780
397
376
1135
753
506
1122
959
126
1421
457
729
1288
60
1953
1223
254
750
149
108
946
1840
1424
533
427
1892
224
1229
172
3512
287
886
3803
70
1719
356
290
1983
342
864
475
308
139
2858
1408
46
747
1922
329
163
2327
352
586
2185
455
1148
277
1083
277
876
953
700
388
1346
160
1018
840
110
49
416
2830
4051
446
49
24
110
109
1309
3536
1554
2182
1322
146
590
580
1787
692
226
1696
161
62
31
206
702
1887
470
772
146
180
2447
1226
1082
222
986
294
1061
766
686
5743
131
120
489
217
101
1398
1286
739
479
419
618
5960
187
984
485
434
612
853
570
1682
588
245
319
1109
2089
1376
198
1511
49
76
649
185
2693
1040
702
1486
1404
101
437
495
635
120
355
49
136
866
3472
271
198
847
1226
239
1282
806
641
48
183
196
935
1384
897
510
559
98
194
2252
247
248
308
125
2149
1876
5345
372
362
589
3267
2761
3038
334
425
203
1281
293
1143
908
399
74
22
262
402
630
190
190
220
98
100
877
729
234
197
1035
197
151
402
283
546
267
676
47
1245
1131
343
1516
121
139
156
9
263
2279
158
226
1616
635
484
311
644
49
73
1636
1269
2161
261
1201
217
159
548
148
2350
265
940
422
449
1412
286
67
69
1165
191
439
470
238
139
242
153
225
331
586
103
938
89
92
66
1590
119
16
44
63
13
59
2055
32
33
60
119
3275
2063
209
73
778
237
3127
508
2375
614
22
1360
213
2309
94
129
244
505
731
2264
485
1853
175
696
444
812
442
1076
49
2340
336
192
376
1962
82
1443
26
100
260
297
483
669
549
460
131
66
158
712
555
645
21
343
504
696
647
551
249
692
253
123
528
93
667
562
400
1050
32
591
1326
1876
222
138
46
87
269
1650
1987
98
238
150
120
528
825
271
999
5498
200
344
785
938
787
79
1875
1012
41
102
162
82
77
25
41
6
57
75
147
350
198
31
65
223
375
703
674
289
284
89
255
139
431
434
713
50
281
5081
77
297
1239
431
574
224
78
12
731
133
132
472
1631
1024
1631
1766
121
67
82
217
225
139
315
166
246
1779
191
1089
275
326
438
67
301
714
660
903
59
1457
43
1335
590
478
390
133
39
1041
4087
510
1195
145
265
1315
381
672
269
1071
577
134
152
422
134
167
2509
127
72
147
304
90
507
1001
154
269
310
94
147
498
496
133
379
692
174
132
1834
3191
108
171
723
316
382
307
344
812
468
95
82
101
426
360
103
1246
1172
3827
281
209
119
810
94
659
104
2938
794
2207
32
3101
1560
131
142
520
329
288
353
1104
433
195
2318
4046
1326
147
1392
366
889
928
505
2440
458
2036
390
268
2956
154
144
828
555
451
296
687
982
390
2141
1335
468
185
286
652
500
293
712
510
21
452
550
138
2273
134
3796
256
178
485
3196
2581
880
1023
65
81
2289
1289
148
69
816
1361
1808
579
428
1623
549
2092
526
950
180
149
117
55
228
1694
842
1610
444
361
166
135
842
2287
209
1128
1995
573
99
304
2187
1282
239
923
277
432
213
1970
609
232
426
156
247
478
894
1859
845
179
829
2217
105
122
812
131
2146
977
406
3570
594
253
70
741
380
102
1549
829
1160
836
1185
650
1524
1991
683
222
638
2460
1520
52
438
315
194
1812
222
742
1515
1556
1796
495
832
836
544
415
1766
560
565
3038
2348
1100
534
1598
1513
1262
1656
344
2177
174
1073
59
189
3947
581
490
3181
846
155
66
1631
2127
368
838
1218
489
586
252
453
96
207
237
691
830
1855
183
350
421
697
8209
615
1177
3509
228
933
868
618
1222
616
36
724
172
3740
1463
1811
628
740
883
637
3341
2073
1469
562
1578
418
120
529
794
1220
1439
1761
132
4400
30
2700
73
884
655
1252
5245
686
1012
3030
4551
3963
951
1665
591
598
1009
406
462
884
557
327
1312
1854
348
1086
626
641
29
1212
597
2036
716
1077
543
667
771
294
1789
1537
688
827
190
1235
1127
1236
410
2730
1818
2172
2171
3553
1538
1611
975
1525
1225
1098
1063
1076
197
70
501
2616
1758
209
902
1584
989
1844
871
1004
1054
1290
3826
1141
2038
1630
165
