963
2046
1422
2727
327
1137
456
1671
300
1167
684
267
309
351
849
435
1380
351
396
243
738
801
495
273
612
1089
1104
1422
2892
543
876
1050
390
618
375
561
1059
858
1404
528
1392
234
204
96
240
486
2064
1440
1479
708
87
498
909
1638
1854
1857
1080
1833
1485
1437
957
963
363
1251
3519
606
1248
345
1281
585
486
1665
642
1776
201
609
5946
1455
600
1752
1638
1149
315
1122
1110
567
1014
4671
1614
1392
1998
1617
1599
1995
1029
1227
2055
591
303
342
1953
1233
396
336
528
927
1047
1614
225
213
1467
567
1230
357
729
1032
312
438
849
318
621
486
435
810
1479
1071
393
279
1086
216
1026
1311
342
285
1659
1206
2181
1443
555
825
882
591
1509
756
2385
663
630
621
594
177
738
504
720
1500
1032
1533
1362
1305
432
1017
627
624
2226
966
2448
1143
1551
1287
624
1272
546
1134
411
2910
936
1389
225
609
1155
471
318
402
462
948
390
1050
492
318
327
180
726
468
477
279
375
399
477
783
600
519
426
474
99
510
600
99
255
402
519
609
813
1260
573
330
1995
1110
708
984
1137
393
66
441
369
249
345
249
834
282
522
1023
2013
1068
1248
345
1053
2709
654
258
678
459
525
1044
6411
540
393
90
414
1035
678
1011
951
855
678
870
615
519
1053
900
1473
216
1563
780
1071
1506
321
996
957
834
291
339
471
2013
249
861
810
1599
612
390
1002
357
1047
861
201
216
804
1524
861
324
1521
3567
1455
939
975
846
828
876
441
474
540
294
1506
282
918
1494
783
1629
1356
279
876
1215
861
975
975
522
522
783
276
1881
831
1191
372
210
399
1161
861
846
846
861
210
546
441
297
396
846
1182
1983
468
861
1680
531
1503
630
1521
1494
681
339
441
435
780
846
540
1917
834
573
1314
834
1311
3216
276
924
1740
237
2790
1662
399
201
357
420
636
1194
1482
657
1497
1026
483
771
528
1527
357
609
735
441
927
1536
2832
1035
705
843
1212
1602
1215
999
336
339
2136
189
1431
2070
1206
381
396
387
375
3792
942
411
1326
672
1077
2490
2466
3612
2643
270
876
408
1656
696
1497
603
1191
2997
1050
1035
954
687
2700
1938
642
2319
2073
2937
243
1578
1371
297
753
1449
1044
639
1494
1401
480
1548
417
450
1014
819
2091
954
984
1809
369
1689
690
2256
327
2103
5235
606
648
315
1575
1620
672
633
1674
1356
1344
1092
4227
1104
2415
360
1329
1137
1401
1572
3945
1992
852
1524
4386
1764
1269
2658
1509
555
1794
357
1206
5421
1476
228
699
1077
2850
1770
306
1716
483
2196
504
1122
2196
1605
1590
234
5493
1746
1491
1590
4557
480
255
1254
375
6426
312
339
1773
387
246
552
2724
486
732
447
867
3891
2544
909
1254
1731
3720
192
870
1026
795
429
912
747
1413
8286
1221
924
1986
2322
303
450
381
489
447
513
378
3447
345
492
2382
687
6471
1269
339
1116
2688
411
1518
324
1314
588
951
453
1692
1479
6117
1296
795
279
1935
1692
3942
1557
771
1659
258
1869
990
228
267
462
435
1242
474
2295
630
753
1143
498
327
942
1224
594
609
1929
882
438
1272
603
303
294
576
480
486
432
636
531
543
1848
1701
933
1266
3657
1203
2034
1599
2763
1125
228
3324
1851
978
1014
1050
1245
603
654
456
480
1836
495
678
1578
1848
813
789
2646
729
1641
1860
2895
3012
171
762
1371
1683
1941
222
750
6756
1170
927
1329
1677
9225
492
2253
1218
600
9318
9435
696
5541
1215
1824
1740
411
525
4305
2484
1857
1800
3423
1698
1356
522
291
327
2031
1167
285
1047
1845
231
348
903
1980
822
420
447
1740
1170
393
222
1038
888
1767
750
618
240
762
1671
1227
1635
3489
1176
1155
1863
744
1611
207
1785
249
369
1728
315
783
390
2730
396
1722
1146
396
5313
654
495
1740
855
2346
1131
639
1218
894
1602
531
1164
1002
1194
4515
1431
717
672
1329
1320
663
1662
591
996
420
1068
1236
1017
5937
1491
1683
1362
1092
1512
288
1410
2322
1404
1074
1095
1101
1530
1302
897
1140
2010
231
1383
330
804
723
630
2247
1707
1173
1602
4923
1062
330
1338
1440
1086
501
1236
1524
2193
2028
939
2079
1548
786
2040
585
456
2181
435
900
1416
1407
1542
3501
1467
1503
1026
1395
1710
1257
1557
627
1200
258
1440
621
168
2397
624
1674
2034
3957
495
429
576
1563
1197
2553
1467
2382
693
828
3792
483
1335
4143
567
945
570
1329
2847
996
681
366
258
1593
2220
678
717
594
405
3069
972
1602
1827
495
1557
2625
1722
1599
222
2226
1569
618
1182
1746
375
318
1545
1617
1401
2490
918
2421
702
3072
1071
3006
4692
372
3180
606
2943
912
657
3990
690
804
1323
1872
567
666
1056
822
765
471
1488
1014
1809
2754
1539
1851
1350
924
2667
4023
1374
1695
363
1347
1188
2343
1122
561
363
1626
5232
921
3804
1860
2652
711
3348
936
1365
1059
3549
894
639
876
1347
3690
375
1611
1593
684
699
1773
834
4389
1575
1095
1011
918
2859
2547
855
546
9345
3852
2028
2682
1500
489
3111
948
5445
933
678
2226
756
1263
402
2478
1932
1197
627
597
1047
822
2184
1248
1698
591
2430
1656
1581
1734
771
525
1095
1449
807
783
3603
2019
1605
858
1329
2844
753
2358
3147
1065
2979
735
936
2670
1407
1134
837
2109
1323
534
879
1191
360
2589
876
1326
504
327
801
945
387
1947
1416
828
777
1095
2304
1272
2037
1839
1212
1377
978
1029
882
1551
1023
549
723
1530
633
411
4506
1023
1008
390
369
2115
4836
477
210
1224
795
1464
7344
1404
2313
2895
414
633
498
720
1332
1035
4356
4362
2178
645
2178
1098
1446
1002
381
879
1233
954
510
369
1065
1302
1047
2628
1299
984
3351
2310
2514
1401
843
564
1212
414
603
717
2709
900
1485
1833
1092
1248
1527
447
4338
4842
1500
753
285
1149
930
1101
1653
1332
558
2025
1536
639
1077
1227
285
2313
975
1656
2331
1473
2289
2076
1380
1140
1701
2376
522
1098
3378
2517
2421
411
900
2160
543
6297
639
894
1992
4197
1011
1233
660
4284
4533
783
1311
1686
972
4905
2220
957
2463
468
1791
1176
3747
3348
1893
1482
2775
1563
1416
747
825
1299
1566
1518
1455
681
888
402
1437
4329
468
1212
1089
2088
1242
300
1176
828
1542
1548
579
747
1998
1035
2655
1719
621
576
963
2235
954
1479
891
3006
363
1446
948
1977
804
768
7089
1689
285
888
345
270
957
483
927
1515
1029
1491
1869
1446
2349
5010
549
648
4809
1248
540
1515
939
1017
954
828
813
1323
2967
630
837
636
465
333
1935
453
1323
573
300
2136
2496
534
330
612
2550
297
357
1194
4200
1245
2970
1176
990
936
648
525
2208
729
1110
2334
1767
627
462
1089
3738
2535
612
849
1200
1851
1554
2232
2376
783
1269
1296
1551
960
1422
936
3534
1104
2853
1533
1218
3132
1113
1332
255
1428
1116
1101
765
606
1401
4563
1665
1284
2442
1518
2382
1428
1206
720
1788
1071
825
705
819
702
498
708
855
1146
984
723
1764
2796
2292
1260
1362
186
3303
234
3573
327
1962
3948
1491
519
615
888
1347
1257
1413
4065
1542
1455
2562
1920
2697
513
1032
771
543
546
1344
3054
435
1158
2436
1518
2046
1467
1188
825
3657
2289
1017
1176
1533
1605
261
1449
2964
612
3405
1137
1332
489
3417
330
3936
252
1131
654
282
1002
1653
726
3807
1065
2055
1806
4008
912
732
1668
810
753
1821
1734
1005
2067
3840
345
1992
1164
513
1251
810
885
999
1908
1269
1296
738
4140
2070
240
228
2904
849
264
2343
999
1158
1110
1713
1686
3432
756
6036
564
1425
6702
5487
1632
876
579
957
417
516
1704
1212
1386
1380
2820
2535
2526
1095
1230
4140
1347
939
1101
4515
786
204
2451
5904
1350
3732
960
1239
1494
2190
2775
1551
771
990
1461
3387
525
1935
1248
1320
1896
1395
828
2706
690
2655
1389
1854
312
504
807
3912
1029
2208
1914
1431
1089
1629
2181
954
1053
459
1716
2853
1824
1905
687
1152
1788
948
2403
1347
2805
3027
840
3402
2193
600
1008
1146
537
441
954
1833
3723
2985
2262
213
3633
1089
396
1542
2343
834
1197
1074
1068
924
2760
1419
1296
810
1431
1566
624
1761
1680
2847
621
873
3681
1836
1410
690
1344
2571
1398
1284
1644
1851
1983
1896
2301
1677
1992
1341
2421
1392
1620
1647
1176
1224
1131
543
888
1107
1695
825
963
2805
1833
5391
1740
7602
963
1890
1704
2835
762
888
3213
2361
783
1269
402
351
1176
1101
978
1065
663
924
852
1242
1893
999
2877
516
1635
1014
1326
1395
1056
984
1059
699
2157
708
1851
1563
4047
909
1524
834
681
174
1725
2007
909
3408
2349
2004
1110
876
804
1545
2010
546
915
1257
1542
576
3072
1842
570
372
1791
237
207
4374
4359
1026
10374
264
1029
297
723
3057
2151
420
1719
636
1911
1068
2301
1212
8283
2628
717
867
1011
1716
1662
1851
1272
2151
3531
1491
1590
1536
1152
336
1755
1650
2493
894
2184
603
630
1203
717
450
873
1182
621
459
1122
4641
3354
366
1053
1365
1161
960
1287
360
1854
1338
2805
1116
2673
795
3816
564
3249
1227
1506
1623
780
936
3693
996
444
2139
975
2865
2994
456
1143
1134
3666
1662
966
819
1350
1596
2544
2685
4065
3006
1638
1803
609
1851
366
3090
210
222
279
282
1053
2487
2001
3633
2172
2325
279
1428
1386
1134
5364
960
1128
4446
804
228
1866
993
891
1686
1302
2037
1248
636
753
1347
858
4056
1125
1218
570
843
1875
2208
609
876
324
858
618
1473
675
1803
1473
1557
1587
1485
2157
4713
216
1095
1041
5796
3738
1335
822
1959
1791
1896
1803
423
1203
258
309
183
1221
1770
222
342
324
234
1383
1485
3186
1626
1296
393
414
576
1581
3453
525
516
1029
252
564
1500
861
660
1506
390
582
630
201
1068
1167
507
2253
2250
858
2154
1185
456
768
864
696
888
2196
1206
852
336
288
2703
1365
315
1410
2982
1587
996
1362
2007
810
2208
264
354
1887
1041
795
1113
858
2109
1089
2481
1752
645
1620
735
402
1026
174
1599
1950
465
1188
1635
618
1803
882
858
1764
1674
648
486
831
1563
1515
966
585
1227
1089
240
1431
1059
522
3486
633
669
645
435
645
2544
639
1986
1737
1539
2040
744
1767
510
1488
1074
393
660
816
1950
420
486
495
219
1686
519
285
339
1062
1635
1239
675
2274
1491
564
1131
597
348
858
2373
771
441
1158
1206
1389
3000
645
3804
3594
2469
276
789
1326
393
1128
954
603
2250
1017
648
477
1674
885
849
1704
507
1278
1635
456
339
1062
1644
666
2010
750
246
390
477
1716
1668
327
1071
654
372
1962
1395
1029
1404
975
543
2250
426
1674
744
168
462
831
228
933
519
636
1635
366
396
312
1218
462
303
1719
1245
1629
456
2139
1218
867
393
483
582
771
1911
2052
414
1590
1701
1725
453
1095
510
426
2724
606
630
534
7323
552
2544
741
1329
474
990
1356
666
1158
1029
1092
306
672
1929
3456
600
2232
1023
450
1029
2199
1632
1017
540
570
66
2577
402
762
1524
876
585
552
789
756
474
381
426
1713
2409
729
5430
648
2235
1197
1344
5922
468
303
711
510
651
435
1515
1431
600
243
468
303
1155
555
1098
387
1035
204
219
306
870
1311
507
1599
1362
1026
1593
351
825
306
1680
1122
381
408
744
810
465
258
1002
1422
3873
108
270
501
582
783
501
192
144
1635
348
990
966
1002
1050
951
378
1245
1035
603
984
1062
411
960
1071
1011
222
966
903
966
1911
954
918
957
1011
924
690
1428
822
1437
2430
255
999
1389
1413
1416
1170
1365
13593
234
1005
1005
1374
873
918
6297
645
2019
417
516
588
1716
1146
621
486
2367
1134
267
1287
3936
495
1419
795
4380
2298
1713
1737
1110
639
1719
1068
1617
1134
2268
213
927
267
1095
456
258
324
264
591
7248
585
999
735
405
582
4884
495
408
390
411
915
606
372
174
300
915
1161
315
3051
1143
501
300
1614
678
1815
1083
762
1545
7314
948
1437
1014
492
207
477
396
573
1230
1149
1500
822
387
192
195
1134
1194
1593
1152
1614
942
864
1161
1191
1167
420
411
828
378
1191
1377
1200
2028
1518
204
1584
969
864
1065
909
1083
1347
1362
1341
435
546
273
747
171
2877
2181
843
549
927
3762
1578
513
1107
1224
441
5154
1620
1053
1536
471
849
1518
453
2682
1461
1491
1182
1242
2133
414
633
321
1263
345
243
345
621
234
1293
1206
705
591
690
1434
1308
1227
1227
5703
1083
1230
3213
1239
267
1044
516
738
2337
927
1668
1557
498
291
1110
1668
384
393
1287
1308
1218
270
7332
465
1044
453
918
564
1734
2388
2010
627
351
1155
462
651
633
498
492
447
333
609
2085
570
582
1254
711
324
630
600
1002
744
603
333
357
93
147
2643
1080
615
2349
633
1185
1185
3441
528
669
627
1038
675
363
489
2043
1332
1218
1590
1383
3933
363
375
396
657
729
531
1503
537
417
1578
318
1578
1497
1335
1308
3501
624
900
1167
1209
1524
1542
771
234
1089
528
1197
633
243
189
537
222
546
204
387
996
516
2766
1191
1686
1629
420
978
4290
1221
600
3870
495
1644
678
1227
1437
240
1512
1029
1245
1233
1239
2826
543
600
747
1761
1155
756
426
702
1473
1209
519
558
216
882
1221
1173
1440
570
1518
897
693
1941
3552
3501
1311
435
3516
555
1245
576
3516
606
456
393
984
654
585
1530
447
522
306
564
1827
399
699
489
2058
951
1494
936
624
651
1059
513
321
324
2232
72
246
1779
468
1398
477
348
1416
921
312
591
126
2010
711
480
390
402
126
7326
876
171
681
375
483
3573
498
285
210
771
2640
270
477
984
1620
999
567
798
1050
837
519
1134
3444
1272
1413
1743
591
1770
246
1545
1602
663
498
681
330
1605
315
264
1479
270
477
453
1794
393
654
1050
726
1554
1731
735
1005
960
882
837
540
342
948
552
285
888
540
720
495
663
339
285
570
549
369
597
696
456
558
348
618
327
723
588
786
1845
675
258
1746
1872
207
894
1578
249
1644
1644
1656
978
90
810
1050
1113
462
288
204
621
1035
285
324
2211
207
354
1176
1164
2226
1035
1032
204
597
387
360
318
531
438
558
1062
624
282
3672
309
324
417
1041
1767
576
276
510
1404
1440
1236
822
279
228
330
228
243
450
1074
1431
1227
666
1212
711
207
1053
648
171
798
1119
324
330
3480
615
357
1785
1239
579
1755
570
1215
156
312
2307
333
639
1692
735
783
1515
921
222
2961
831
588
288
1632
1524
582
423
780
699
783
531
1368
1467
375
663
375
528
1305
1476
1578
1527
1005
213
225
1860
333
2280
633
912
2148
537
1035
1551
1206
1224
441
474
1512
2886
924
729
807
1872
579
909
423
633
1017
522
456
1299
318
867
1401
510
2949
387
171
726
921
939
930
243
2118
1236
618
2022
1140
2793
1980
2700
255
333
570
1347
1527
1458
234
1947
939
2151
939
444
939
1110
204
2982
1806
1776
3189
357
210
993
942
663
402
1614
2157
306
417
696
942
561
774
957
417
621
1434
963
444
1260
330
1215
264
2088
2616
912
906
1059
900
114
258
501
318
2169
711
810
579
840
2937
273
1383
1383
1509
723
825
513
1098
1680
2556
1098
555
228
1455
1692
423
261
939
201
612
1089
900
456
1785
1617
231
315
924
2061
1053
792
1788
2202
1155
1395
1017
1362
1743
1569
1647
1878
1314
1569
714
951
393
1500
1371
720
1137
252
240
915
858
660
408
135
372
1029
321
309
546
354
621
1833
591
1593
2079
2457
2253
747
1455
1629
3162
576
837
1032
1116
426
453
2487
411
846
450
2697
2976
774
198
366
213
732
267
2781
3402
426
528
1437
453
1269
1080
468
879
1257
267
315
834
237
183
558
249
1377
591
306
429
258
228
615
1452
411
216
291
228
477
315
375
1428
327
270
153
279
1071
237
330
207
1086
387
3870
1314
399
252
177
369
1101
987
336
1101
1119
945
900
1530
1212
54
375
813
405
5682
204
207
1122
2211
1302
354
408
591
231
1131
150
270
870
945
960
1116
1995
1767
927
1278
1578
981
753
1716
624
267
1593
1572
1260
258
732
378
648
150
1113
864
1482
1404
1587
1386
429
312
462
2724
339
609
1533
5703
522
2706
1377
789
2820
546
378
360
210
312
1830
4782
1230
294
2409
498
267
906
1419
1356
336
1860
315
324
864
135
396
393
894
1329
1176
1197
2886
1581
327
693
756
3516
984
867
2856
633
1545
387
576
4944
4434
531
4557
675
2799
2844
690
1371
1575
1530
576
384
1173
2349
1491
1005
834
2760
417
579
243
2745
1428
264
1050
1659
1680
936
1752
900
1680
1656
1578
2799
1506
3966
996
1188
1602
915
2010
1437
1689
1650
1047
822
954
819
750
999
393
369
1233
408
894
3765
1656
882
822
912
237
861
1026
981
1704
1032
615
1044
1035
1626
1695
249
1359
420
843
2736
882
951
954
744
1053
1401
705
354
822
1917
1101
1389
3141
858
1314
594
402
924
702
2337
1587
495
192
300
1713
933
783
1035
1590
528
327
6132
3978
186
1203
1101
2466
1611
300
1494
264
1452
702
3396
405
333
3105
2610
1896
627
366
366
288
297
1143
1143
3972
564
1740
483
3156
633
723
366
591
1446
498
399
213
927
471
1632
1029
1443
939
663
972
912
1188
486
1029
1611
960
486
375
1188
1440
4482
2301
1050
2148
2613
1296
1092
777
1908
417
897
1233
1791
1035
672
300
312
378
450
861
2424
498
477
1209
756
1572
2757
987
768
1032
582
384
2853
2820
351
2712
2049
1068
3732
900
981
885
762
1596
963
666
498
5118
1806
981
1806
1704
1647
783
3456
1593
999
552
1212
2619
279
2481
798
1509
1182
999
1338
1380
3243
1641
585
1986
1236
483
1035
444
2463
1458
3012
1785
1203
1113
7644
327
990
924
5781
867
1191
1068
735
951
543
270
1437
1056
1191
1917
798
2133
5106
1821
324
708
765
483
327
444
264
660
1326
510
894
2049
882
567
807
348
630
585
1137
318
321
942
2118
2268
456
951
54
2328
5025
432
360
381
366
567
696
327
588
597
732
348
660
336
711
1299
894
1323
927
2199
2574
1782
1089
1347
1728
459
1359
3315
1590
3300
561
603
2943
402
1839
1284
2988
846
324
3999
1869
231
1761
1602
1404
4629
381
267
264
1053
549
4179
6270
717
1485
2073
321
2133
1431
522
3435
537
984
2349
933
861
1923
1353
2082
684
708
381
1923
4857
468
591
507
978
1098
1167
1146
1965
1425
936
552
978
774
402
369
1917
420
642
864
963
936
1362
3906
513
231
210
720
1890
1422
1404
321
855
981
3198
1665
1791
1596
1200
906
543
1959
1488
1602
1407
1506
1383
1758
1656
5160
684
498
1254
441
3414
876
3291
1068
1827
1299
1167
951
1500
1422
1734
864
447
492
1038
1305
1380
1476
1359
1248
285
228
1275
468
1827
1050
1185
2226
1617
1050
1983
459
450
870
2673
300
492
978
1806
1704
480
288
1806
786
633
315
2598
1374
4725
2247
273
768
1095
573
1257
1602
3168
828
1695
1383
408
309
3543
330
1299
981
2730
708
1782
417
747
2658
4725
1242
402
318
660
279
1095
405
351
768
903
543
849
525
2487
411
459
354
822
270
747
732
1380
2655
1164
435
63
2379
1536
1383
522
1212
492
1890
2295
702
1236
879
450
276
1473
1554
1356
537
966
954
2610
1251
549
807
207
1536
1191
126
1536
1221
1317
345
1593
1782
1722
1056
1701
2868
486
345
1083
1746
723
1368
723
360
432
2127
870
546
1806
966
288
288
894
444
315
267
936
1635
465
453
1140
3654
834
681
213
945
408
1260
192
2292
1080
300
1692
231
4449
531
981
648
702
216
693
1971
1767
2883
399
843
1239
1077
1413
1932
1296
2406
450
549
969
1092
1482
1308
1932
1089
984
534
1794
366
864
1737
1557
543
324
1590
864
1482
1125
348
714
789
423
1365
1650
1590
165
1296
363
336
1833
1710
921
498
531
1656
336
1611
477
2442
912
663
1872
2097
1983
828
264
2010
939
621
3339
1092
1017
936
2112
642
2103
726
2070
1194
2097
255
792
1899
912
204
1140
2706
882
1548
1872
1296
1632
1830
1308
1251
1425
939
1815
1143
1287
1788
1977
615
468
1017
1161
558
1413
351
255
1650
1197
738
1302
1494
2313
3303
1599
6258
1485
1626
3036
333
1074
255
1053
1041
1137
705
2781
528
1611
429
456
1770
867
972
1047
984
1887
1566
753
570
1476
999
396
276
1134
2571
1290
2658
207
177
1836
744
42
2478
1683
48
525
771
1590
1008
1605
1185
1584
969
900
315
1563
1782
771
708
402
1155
429
294
267
312
3300
657
1098
981
1593
393
201
1662
465
1941
954
699
318
237
1635
375
489
309
3585
462
270
225
2562
483
7323
486
1671
597
1449
936
486
1260
588
438
1362
354
339
873
1149
825
1188
966
2199
429
1119
555
516
1644
864
1170
864
855
777
378
906
552
2649
582
1668
1701
240
1620
4374
1875
933
984
1761
60
312
405
222
606
1041
1146
570
1164
249
1773
246
294
2562
1953
408
513
711
1155
2739
453
933
3039
1350
525
1206
1458
1170
303
2862
1200
1551
1551
528
387
975
261
423
1584
258
561
2643
528
843
516
942
324
810
5028
1152
2796
2793
1200
1449
213
876
1662
576
594
606
567
1146
219
426
306
2052
279
1005
210
432
579
771
363
2433
645
594
702
417
1731
1257
1965
1446
1143
906
4251
1149
1527
1203
2259
528
942
927
657
387
3429
1530
2484
1653
840
1752
2289
951
1050
840
1536
1242
135
420
321
456
1026
798
354
1059
957
2442
843
810
1608
1080
1551
1125
1404
336
612
399
2907
1521
2139
1080
2001
2115
468
1977
231
222
1119
1257
444
1767
705
375
990
1056
876
975
249
762
825
2670
309
1386
291
414
495
1668
201
201
219
663
351
1737
489
159
267
1680
612
1101
414
540
216
465
234
924
1059
381
174
1764
1941
1416
573
219
207
1749
264
2922
1590
735
246
255
4305
1137
2022
996
1767
498
1761
912
900
285
1257
282
1230
3087
1053
1197
2208
1080
342
1782
390
1719
465
1149
3057
978
1683
2844
1131
279
1797
774
948
519
240
1107
1722
2412
1056
942
924
486
897
678
1224
1449
1134
1440
366
597
1479
1041
1272
219
450
648
261
1113
483
576
1068
582
831
426
789
1566
441
417
372
528
1794
312
312
1560
1104
1140
606
696
1800
159
984
7317
3012
864
765
363
2973
1800
3006
552
399
345
342
444
2844
1122
1536
3555
1245
483
489
2172
624
1398
1347
948
1470
348
348
312
2979
201
465
699
1758
762
642
402
285
1062
1848
249
1578
1170
822
2067
2067
1071
240
1197
1224
444
1461
645
321
231
1206
1224
288
1524
744
744
2349
3972
3549
2454
3792
825
1257
1266
246
384
201
534
726
1005
747
672
108
846
426
627
810
858
525
1914
1992
1818
3474
3132
354
96
489
1677
1206
1224
3048
1164
732
1053
444
1746
447
1428
993
327
444
402
588
306
225
321
1176
405
378
1725
681
579
63
1305
2034
3876
1206
1224
207
870
1821
1602
3342
549
792
219
570
732
534
414
1584
591
828
471
540
1185
351
321
432
273
351
264
747
2766
4713
957
1893
924
681
273
303
1209
258
270
306
216
522
1020
1077
642
999
489
2016
315
846
774
2709
444
882
1143
312
231
351
579
606
420
261
897
471
438
327
705
1788
303
246
504
2931
792
837
480
207
1236
1596
2970
522
1248
1323
390
1935
3162
978
786
1047
2904
1011
1533
360
399
369
1446
447
1068
1053
258
690
246
1716
360
744
645
1125
525
957
1716
1773
813
2418
1071
963
849
498
777
1944
5361
642
987
2886
1695
7014
783
465
1659
357
918
288
324
1197
723
345
801
1992
807
594
2820
495
5709
324
621
414
3495
1644
7254
726
1098
1281
2235
1140
162
738
561
1254
2655
717
1011
3072
846
789
678
1212
345
372
486
792
909
621
561
513
489
780
906
1404
828
411
987
378
1887
1701
1026
390
366
225
372
1833
270
3876
1887
309
1146
1035
1011
1860
222
162
516
897
570
357
480
2076
4854
1527
1182
891
330
1695
1611
2046
1569
2583
1464
1401
297
1533
1455
1248
168
435
294
612
381
1776
183
489
105
1665
558
1002
1596
783
1335
576
450
1158
657
558
2808
2325
1014
3798
606
1764
282
627
828
468
267
1701
483
474
1662
1710
309
351
249
534
132
636
762
1311
573
804
2328
435
330
57
654
1686
435
726
540
768
732
588
780
408
210
444
441
1224
1209
1206
1647
7359
1599
411
6957
639
402
1443
246
633
1701
474
438
579
132
3120
1083
432
243
1677
333
612
537
1344
1314
585
1644
4857
1239
1122
180
600
216
1635
1734
1002
1557
1137
1521
426
804
363
378
321
1188
411
1119
693
1083
693
1038
1074
2694
2952
378
3330
3576
987
1056
420
1101
564
762
2817
1272
1293
846
1407
885
417
1236
1449
1236
495
1341
1602
2859
831
654
252
798
4116
1872
1677
237
351
3447
285
774
279
3333
312
747
1317
1686
2106
954
786
855
492
660
996
1146
600
2730
480
3024
336
612
621
1221
1470
2169
990
2589
2730
396
1368
1644
1314
1728
3147
1080
807
564
429
2517
993
1428
891
1503
771
1758
1398
1392
1767
276
1887
2136
1005
1134
1518
1791
255
1080
2349
519
1665
669
774
1173
1161
2196
510
1938
4332
1788
2019
1713
891
1008
1941
987
828
1305
618
369
1965
825
1239
825
846
591
876
246
912
2568
606
1161
810
243
810
360
258
1119
4131
6042
1167
186
2817
2004
729
1044
858
963
1068
228
1095
837
1635
471
225
1299
1020
669
1407
1350
588
216
627
372
2145
1071
1563
1344
1152
585
1854
1125
372
915
1224
1911
279
4197
273
3270
435
1830
2766
258
468
564
2589
411
543
4233
432
183
4029
240
1563
942
711
333
1302
2367
453
1425
2628
906
1773
1971
699
810
1383
231
408
3426
492
3051
723
456
1473
768
1704
1404
834
372
1080
1149
1302
2370
636
1569
1632
6699
204
1839
822
345
360
3744
3645
486
558
894
915
1422
2244
1086
285
966
1041
1458
3765
1263
918
972
546
936
1059
987
561
1803
1245
417
492
504
768
558
2463
297
1020
1395
2421
426
249
792
777
1311
1230
279
1791
522
2619
1299
1065
1440
210
228
1320
894
4878
1686
1623
1803
1872
351
2355
1212
204
1251
1755
2820
843
894
1041
1899
1830
2643
1629
261
2574
690
1233
579
606
1668
1425
2139
1287
357
831
1509
876
1500
957
1335
2250
666
489
954
2223
390
1320
711
486
651
729
1200
609
246
822
402
927
405
339
552
381
552
690
1407
300
132
342
1617
366
2052
2802
567
447
663
219
1344
912
954
1701
846
240
1500
264
1713
1011
2169
1263
1758
231
2433
2013
876
2898
2802
2055
2349
3357
465
306
807
645
1224
330
777
834
1161
261
1779
1761
1566
321
624
246
174
1806
1062
339
3558
315
972
3402
555
579
1374
1581
357
1044
1725
3579
636
507
5181
1959
885
4188
1914
1797
2658
147
1134
807
312
1398
2991
1011
1386
2058
258
969
1812
1689
1608
2352
1356
705
600
4014
2379
285
1572
1116
777
843
675
354
609
4557
639
1017
465
639
282
1035
1545
1167
1746
1392
1044
699
1908
1164
297
1380
912
537
1182
1875
570
1935
255
1038
834
441
2622
657
645
1164
300
525
1224
1089
237
3846
1509
336
1008
2496
1728
963
1617
510
528
1317
858
2502
900
1464
336
594
1242
531
8370
390
69
2214
1047
264
309
210
1083
1047
681
294
213
1689
1083
345
360
1608
1320
2061
600
1593
1959
348
228
381
906
525
732
2058
2955
789
1692
1650
999
984
1383
879
825
402
3081
279
513
1776
894
438
132
372
2637
1527
870
2013
516
648
1146
1941
1326
894
1035
243
2391
369
1107
2037
915
2067
702
960
621
2280
1377
1065
267
342
240
732
1347
633
1275
1704
615
738
1911
1368
777
1497
825
552
891
915
1995
3738
2388
837
909
1191
1044
576
318
2490
642
267
2664
639
1698
501
2475
1290
1713
681
1038
729
1698
933
1698
993
552
1698
975
450
660
1056
3738
678
1737
585
492
3909
318
2517
378
2292
2682
429
564
2502
315
207
591
2622
264
579
2484
468
2598
489
219
453
1101
495
651
1050
2370
1050
327
2760
900
2838
633
657
690
663
2133
465
1377
417
972
3276
651
2796
1557
690
1500
456
2709
282
369
1698
1263
2031
1203
882
1038
213
951
2655
765
912
3528
1197
1011
240
900
2649
879
573
2565
357
483
792
2562
696
345
531
456
354
411
288
408
2319
627
1761
411
1563
1221
966
1389
360
309
2793
276
201
2649
1197
348
375
726
531
435
678
1023
954
303
543
1935
858
489
1182
966
960
1404
555
1614
1617
1575
1638
1818
1467
1239
258
1353
270
1356
1155
1488
1638
315
1170
774
588
954
1659
1938
2112
1839
3225
1917
675
1149
954
996
1371
375
285
1548
252
270
525
1764
558
1821
1362
243
1029
1470
1629
1293
1704
1611
1434
1059
825
1023
708
507
867
774
1296
2619
339
381
1314
1416
9306
978
258
255
297
1341
1179
369
462
3138
651
1539
732
1221
624
969
468
270
261
3195
357
132
384
489
1152
372
669
672
405
537
1797
1656
1728
420
1023
708
261
1524
1440
1551
480
1245
1377
693
1350
612
303
912
204
279
981
1251
420
765
804
573
3024
507
1755
519
492
276
1947
234
612
225
1824
426
1830
369
1713
696
72
1770
1782
2277
285
2478
1488
1629
1560
1674
1644
213
1509
300
3687
648
816
378
636
438
465
357
312
591
936
1275
687
1752
1083
516
210
1767
216
2559
210
882
702
384
225
39
246
2439
798
744
192
495
369
477
630
798
486
1134
1845
1788
1833
576
2262
537
600
843
1074
732
1929
1929
1152
1152
1929
1929
846
1104
996
486
540
954
972
1581
873
1953
618
681
1596
537
1674
771
201
573
1617
819
321
498
2436
969
192
270
435
441
615
1614
279
516
2010
357
651
933
723
1944
711
1464
516
6297
324
993
963
612
993
324
303
264
4305
441
384
243
723
93
507
123
1044
1203
939
1125
258
789
1146
660
333
117
945
363
348
339
363
2418
1683
540
489
690
567
1323
306
510
576
516
342
453
582
1644
891
2088
891
516
324
1560
1683
885
1500
228
1515
1635
1695
213
582
546
780
708
1674
948
1233
3012
2025
294
585
693
783
1620
1425
1650
1425
1695
1425
951
1425
615
756
1521
933
996
1650
453
2616
1602
1590
759
231
648
1206
1512
630
1332
1329
585
441
1554
1611
120
2352
354
1710
1701
1335
1617
1314
6021
507
2445
1206
2802
3846
867
600
450
903
1137
1047
2322
480
303
633
1149
378
3507
2223
1626
564
1608
975
2970
345
630
1551
1509
1749
2340
1068
1053
846
3003
3201
2097
1395
543
447
1203
831
1572
1398
732
1161
645
522
1542
228
801
1332
1104
1437
1680
267
1542
357
555
486
1440
1509
297
219
825
735
1053
1113
1101
822
1083
1029
1122
1872
1842
1620
1206
453
4107
459
543
1314
1635
1704
960
987
837
297
1662
645
294
114
1569
1575
3477
3228
1761
2307
1242
579
1488
1008
849
1443
936
1404
1071
267
960
1293
1047
1107
1833
369
1188
1215
903
1185
327
315
939
225
957
933
903
924
1215
4530
396
1572
918
834
3081
273
2076
1854
552
534
2103
858
1551
1335
1071
915
1218
3159
1218
1596
768
1302
1461
1542
1413
540
1170
333
306
648
984
348
1047
684
225
390
1842
843
498
2778
2115
300
990
396
255
1224
1206
234
1212
1806
750
975
321
2961
1122
1761
654
147
1359
228
1239
315
309
492
330
207
942
477
732
798
471
273
1860
1893
459
1350
1446
753
1014
1347
120
2010
921
1497
966
1101
891
1008
249
300
246
2277
327
528
381
1218
1011
822
939
420
738
1134
717
2403
1245
1098
765
2400
2055
231
597
1092
1098
2469
1692
2388
1071
1143
513
2703
480
720
222
1773
2538
285
600
1239
918
1254
540
558
1704
891
1449
1629
1986
921
2532
3135
1305
396
1689
1062
1407
1236
1776
552
1305
906
1710
1620
3372
1275
1260
849
1911
1470
1281
1128
1209
930
14946
714
291
3363
1698
255
315
5685
516
1323
1938
4044
630
330
1455
1008
684
1866
1203
2382
1848
954
630
942
639
231
1788
1413
1488
426
321
951
852
1512
1407
876
453
630
1371
1395
3915
717
1641
507
390
1083
1029
3765
696
198
4803
810
852
690
1038
2118
474
321
696
852
630
1218
2244
573
384
678
279
1131
1323
384
3084
3306
1788
2601
360
3810
993
1098
1539
570
339
1113
891
1395
2265
1116
1116
1089
1116
957
1158
1023
1020
2601
2589
3054
1878
1929
216
870
888
1704
474
936
1407
282
411
1374
3039
381
981
1197
1056
663
2811
414
225
414
1044
2154
753
666
612
687
843
1554
807
2454
2538
4581
3579
4515
942
579
522
612
3123
411
1062
1278
1437
1947
2298
1845
231
201
429
255
204
417
534
1146
993
594
480
1854
678
1620
615
2148
381
783
414
1893
597
1086
2388
2397
1875
2976
1278
1890
279
282
666
2298
1266
972
1392
1776
1419
3774
1626
408
615
333
999
339
564
789
1290
1671
1188
1341
2082
468
1074
678
804
3417
33
1002
963
1290
1035
1416
477
2604
816
627
459
2874
1833
660
1086
681
483
1068
507
858
1281
357
1284
5907
675
975
840
387
1035
2385
279
3252
1878
360
1710
2424
1242
594
234
3213
1014
1851
888
606
3387
1020
1068
1107
717
621
1920
6126
1179
1107
1500
2457
1107
888
285
1386
657
1206
438
5010
2067
1371
627
576
699
564
1377
411
1023
1308
492
1461
1035
1050
1017
474
2193
735
1473
927
999
1014
4926
1455
1827
1803
516
402
627
1563
3000
552
822
1254
417
1011
1716
1002
1800
669
1365
315
255
306
2976
3396
1839
1104
729
1200
3171
3984
1602
735
384
3966
1662
1137
840
1053
1671
825
864
2208
525
723
831
618
453
1593
1497
309
828
1011
1449
2166
1638
1104
525
540
471
1110
3171
954
1761
1044
426
987
798
831
1512
288
855
2439
582
1548
1092
2133
1575
933
615
795
1221
615
1599
1470
1854
378
384
1593
4608
4635
2271
1026
1479
3162
1110
879
1899
1401
3057
1395
1428
1617
897
2349
1707
762
3180
7011
1764
1020
204
933
3354
942
1272
1521
300
1521
1536
903
567
2295
837
1623
219
2151
909
1125
3165
525
6606
2154
1860
435
1077
267
372
1497
756
1758
780
1134
1014
1113
2574
975
492
546
1575
954
1272
990
1044
813
1326
1029
1419
4557
1233
2127
3177
1335
1122
279
279
834
1323
1572
1779
2037
1929
2832
513
234
849
681
1815
1191
1224
1314
1713
1911
810
729
741
3276
1143
366
684
1758
1131
252
1683
4542
765
348
903
396
861
393
2124
1287
516
696
519
1524
360
1194
759
486
6297
1086
1245
2394
4905
504
3732
3747
276
2301
432
4266
1605
939
2469
756
1014
180
234
2670
840
825
324
666
303
402
1980
768
1518
1305
2049
933
3738
120
381
315
1746
402
735
588
954
1401
501
3381
1218
1935
3204
1131
432
1443
630
1155
1218
1818
2628
1722
549
678
168
1650
654
927
3747
372
783
1584
2040
330
336
1419
1485
450
1257
2499
405
2598
540
1848
1560
222
963
2577
651
1014
1041
3135
1878
972
432
1110
1107
444
1011
1986
780
840
765
2571
630
1617
1440
366
366
4431
504
372
378
369
1458
1143
993
243
372
1686
420
2247
1650
3966
1545
1005
918
1023
684
459
3204
678
1671
303
312
1533
1332
2556
3051
1641
1440
1002
951
4749
2340
459
711
912
1863
2196
1254
1644
1713
1188
1281
1086
918
1098
4077
1338
444
321
252
603
390
645
1992
498
603
636
5643
192
2307
1017
1410
1146
2616
1065
636
1680
828
1041
1593
1281
357
267
1056
7671
1230
486
795
1665
1485
2028
741
450
993
897
966
516
231
2070
615
1605
462
1029
702
1572
1488
357
414
1356
831
342
885
819
954
1290
1968
666
2337
1623
261
294
1695
453
1569
582
405
564
1281
378
909
1509
1059
420
249
504
258
1542
831
237
351
291
1557
429
3054
2784
624
228
384
441
699
1545
549
585
1005
405
276
246
405
2805
363
948
1119
738
1359
726
1563
324
1005
432
1629
1428
558
6144
237
447
702
936
348
414
462
1134
1590
816
267
1185
621
1047
2001
51
1047
1152
1338
1404
1110
1416
1110
282
291
1023
531
495
2094
1872
1209
207
1260
819
591
1152
456
1758
1821
756
624
1929
981
921
1260
3816
1566
1206
741
1023
1566
489
1146
1449
807
804
579
1035
756
471
705
189
1032
1437
1101
723
558
909
1113
1146
549
1794
357
1644
315
312
321
309
447
468
1359
354
399
1836
519
1440
1443
732
414
1443
507
1332
1317
582
345
411
291
747
1449
318
1155
1104
2256
918
1764
1509
1494
3558
1821
984
1356
960
309
1245
267
1290
1047
276
330
996
318
477
1563
768
1728
471
1524
1335
861
225
204
1536
762
1239
585
363
984
813
6021
1287
699
1326
312
1026
993
363
747
564
360
1002
402
189
996
294
996
552
429
738
1029
987
216
1137
3387
612
426
984
981
981
21
540
411
1824
1101
2022
330
402
960
348
714
531
978
486
384
984
360
984
1023
1062
966
234
987
876
429
1128
423
249
981
369
345
402
960
645
1395
1239
1188
1086
453
3027
1041
1650
270
2037
513
378
1860
564
570
840
408
219
450
2031
1305
4995
1755
3684
1830
1692
438
360
606
2025
2067
909
7290
633
480
579
438
1392
1059
1497
2712
2178
435
891
1398
2064
1350
1068
333
285
237
945
834
906
384
1257
747
564
381
1530
333
1008
486
405
153
387
186
447
816
486
1677
255
819
690
195
948
381
804
102
186
237
318
1077
1449
657
384
1149
777
1551
219
456
855
1497
327
252
396
2859
795
2244
1506
294
2244
771
2142
723
153
1311
246
1647
1104
444
342
945
1749
1359
585
351
1659
234
177
258
102
297
2046
378
963
564
2067
1140
1104
315
342
291
447
2634
705
252
201
198
324
696
414
438
546
330
1494
273
1572
204
1566
1560
654
1539
354
303
1587
432
72
3537
615
570
1275
1554
399
1050
1164
1113
1254
456
303
483
834
702
645
363
1512
1335
804
1302
345
1191
846
624
1059
237
411
246
306
2121
351
3765
1656
309
837
627
597
1047
225
906
636
441
2766
1680
213
993
1674
723
444
723
540
531
774
2475
762
1236
1953
270
255
1353
201
1041
1902
720
2790
1017
1275
468
1614
1149
966
1599
669
1407
2616
1431
2766
738
378
627
993
444
597
1239
150
1158
975
3033
768
798
2100
306
393
759
663
765
3528
147
669
372
786
1068
1620
168
3894
210
330
360
165
231
231
1062
192
663
402
441
1203
1677
1713
1017
3651
7170
390
660
312
756
426
321
2556
543
375
177
879
348
201
591
234
252
366
102
2796
2394
1140
1566
507
288
1617
1626
1437
1140
1131
1659
105
717
879
303
1593
1140
1140
3657
261
600
1917
840
1128
1041
219
234
1620
1116
1029
1119
315
339
759
510
1788
366
1296
1122
1530
1524
1215
240
261
969
540
1662
813
954
537
723
1119
1629
429
1122
399
621
156
1122
735
624
1500
870
1413
390
564
540
123
2757
1140
492
1608
600
594
234
1578
792
1434
1320
366
2640
2154
297
2157
1398
897
1968
936
798
309
1005
960
1290
471
1185
84
405
759
2853
468
1752
1224
5961
339
3096
807
150
912
837
486
1062
807
1785
315
384
474
1758
1605
2157
1035
2052
540
636
1011
549
3303
1602
417
1458
1446
585
915
2262
1848
1149
402
510
1050
549
543
528
2835
528
642
897
588
231
345
216
930
234
741
144
447
282
345
1713
735
906
915
603
1029
897
588
252
396
363
1254
903
1029
438
912
1275
2271
561
567
624
627
1071
1056
912
621
1053
132
918
585
2094
336
240
564
327
396
882
687
1212
2184
519
462
768
1851
2337
2721
759
240
2943
1374
1803
114
114
573
1176
1038
1167
696
1788
3927
1686
1689
2538
945
1692
1572
426
2046
3516
807
303
1158
3063
1452
723
717
612
1980
1305
927
1857
780
2934
1368
1299
486
696
390
669
726
864
381
1176
3351
879
2409
858
522
1920
222
1095
267
1041
903
702
1041
612
1323
486
4899
2805
1098
696
237
867
7314
504
819
300
1047
2892
483
1296
1254
837
2688
2676
1167
1137
3267
981
2895
1308
1110
1125
2961
582
1026
1440
1629
1068
3633
1467
711
690
126
1956
615
1956
1248
777
609
1242
342
504
2187
2532
1140
927
927
900
1047
2889
333
849
2172
2916
1428
402
210
2913
591
513
885
2931
246
1590
702
402
2958
3858
741
1482
1278
351
1152
642
3003
531
1302
2988
870
648
2400
1800
2811
501
2412
459
2985
1536
1449
222
384
384
786
183
348
2883
471
441
342
285
3330
924
2928
993
1419
2985
1119
1605
753
2949
2973
630
3216
3003
3171
561
2382
2076
1146
2511
2673
2946
1101
951
2853
630
1002
2814
1032
1398
831
762
2877
1035
1647
774
1749
1521
2625
804
3189
2433
2337
2397
1269
1593
1041
255
2442
2379
981
2442
2643
1053
1125
999
6456
2595
858
1014
2748
1197
2106
258
927
1071
2253
3306
1041
378
1374
213
435
1203
1206
594
399
1161
1656
1674
2313
876
720
363
360
2709
4281
774
3552
720
813
4215
1311
1053
3393
321
1212
2433
4857
300
918
2841
3597
1146
1233
1488
294
687
501
597
1053
429
561
1086
1893
636
1317
516
1194
3390
201
579
210
921
1281
1305
219
1209
2250
1776
1107
1452
231
285
357
1167
288
963
222
2430
3879
2010
2040
1563
2301
807
894
942
582
1008
1719
894
330
819
1050
2385
783
1410
786
810
2301
1278
405
1062
852
1083
357
3453
627
1848
471
1380
1272
732
2946
1230
5844
657
1470
1911
1566
2103
1713
540
1071
237
603
390
1572
1047
840
798
1077
954
714
345
1602
747
333
711
507
2028
618
1335
414
1404
1770
1038
1467
747
477
1416
765
615
489
591
579
609
207
447
741
252
258
525
681
477
336
303
732
357
741
87
2517
840
720
327
399
483
423
717
597
603
678
330
1203
402
621
657
567
687
861
3309
588
291
546
792
564
1632
2286
495
2079
681
4488
1677
1008
1437
1248
1212
1164
705
840
1560
2094
303
2697
813
222
813
711
615
2859
2616
855
2034
300
1278
2940
1041
87
4056
1977
780
762
483
2613
1086
249
324
291
936
315
723
693
684
1056
1143
753
969
1104
2961
2589
4434
1485
1146
1770
1659
1086
1242
1362
1536
1449
1809
1482
1065
558
699
1881
798
618
873
1071
1071
678
357
351
414
2484
1638
771
2529
1059
858
207
1188
897
861
468
1260
1356
1854
1485
4230
1170
1548
1227
1104
1353
252
1032
264
6348
2655
192
2424
1104
2058
3933
477
339
1635
1038
882
1314
1920
4506
582
3759
2517
810
744
444
1755
801
1347
1716
1050
726
1974
234
1356
339
7338
1608
1305
825
519
741
501
2226
2322
849
1431
990
2487
345
1086
1596
5400
210
801
297
552
1161
2589
1335
1056
1305
588
2241
720
1251
1518
1887
2151
2151
507
2556
540
978
1221
714
771
2157
1065
1515
225
156
1341
858
4899
1614
1470
5451
1797
591
837
870
633
1272
870
600
1308
369
483
813
351
1329
366
1020
963
7428
549
957
1734
951
519
465
1227
324
1674
1002
1443
366
459
903
96
5580
1545
492
276
501
966
456
279
1341
378
651
1227
597
7545
1383
1833
1128
750
270
669
2550
933
1551
612
576
609
348
399
666
402
51
255
510
447
696
609
2661
987
291
963
678
675
972
2253
2319
216
1659
1965
267
771
336
717
585
465
4272
1494
1110
1008
2271
750
504
1392
810
1662
1005
645
582
255
504
822
189
3414
957
1665
177
1392
504
555
525
177
516
159
552
771
2307
2202
291
1749
480
609
513
240
615
474
5328
327
252
186
864
330
273
651
186
1716
363
732
537
1632
951
444
1908
759
156
5910
735
369
609
1749
1608
2001
339
1509
408
549
1185
501
429
339
294
660
381
666
858
1167
1053
396
312
2142
423
1890
429
480
2340
480
429
315
1617
1083
1701
1527
42
693
513
408
1524
624
2049
810
1077
1197
720
1125
2511
858
531
2031
822
627
627
3333
1929
2040
1926
1476
1191
2082
660
966
984
1668
960
750
711
2667
1386
570
2277
1572
1272
891
2382
1743
387
1533
300
912
1149
1188
1953
3045
540
675
231
1431
330
852
4803
246
783
2466
240
2058
381
462
999
2883
3843
411
345
3027
786
1698
3933
663
2118
6069
1554
2586
558
1275
531
1938
1521
903
900
318
2310
453
792
1356
1311
3510
693
900
540
3204
840
312
471
1059
516
4479
447
1788
2022
2040
816
4092
894
894
774
2136
1665
1773
2340
870
789
306
480
2514
3234
516
588
2301
1104
1839
996
1518
1371
1341
1893
273
1749
2988
888
1005
1695
2670
147
642
1473
3525
750
2223
1995
1179
114
2016
915
534
342
630
651
678
1278
903
516
843
585
2592
2103
387
1233
3219
513
780
1851
732
1206
1359
561
3720
768
1530
1008
237
5031
1101
2187
1026
648
609
2016
678
909
2208
174
834
999
1497
402
1320
2307
2079
330
741
3024
1800
777
3333
1026
702
1485
5313
3297
675
1365
1185
2112
1947
1854
381
2202
2325
1917
1767
321
582
1836
1839
261
2577
1932
753
1353
387
234
2982
1164
1218
3381
1575
1617
816
2364
759
924
2193
804
1317
1014
249
1374
2388
1593
1440
2376
6516
2343
1104
621
1062
1086
1287
555
726
1419
1608
1752
741
2442
1023
813
3321
963
477
3171
1587
1458
966
5265
2193
1104
1491
1761
1899
2325
1134
2934
837
1245
504
1029
1014
2955
780
1122
966
1122
1122
1548
1566
1983
1479
1005
5121
2478
2949
330
3420
2190
696
1056
2328
3153
951
1173
936
441
1134
7029
231
3546
1575
2808
1644
1269
786
1134
1005
447
621
1521
1212
423
393
1401
2697
2337
3966
396
2817
1425
504
327
27
228
876
840
516
672
1347
1638
870
522
1971
1764
2775
2022
774
1041
1971
903
387
1104
5925
537
405
903
303
1500
1488
2862
795
1230
594
3639
2016
666
1284
1635
819
1551
1722
750
762
960
804
846
756
126
1392
264
1509
2226
1488
1416
852
630
552
984
891
3039
3435
1938
1017
1188
906
843
942
1008
741
2013
960
1803
861
987
1296
1098
972
1026
858
336
612
444
741
330
2049
975
3144
816
3762
1635
1371
1650
2919
1158
1623
1935
1149
1509
888
1614
1719
876
645
4002
1251
315
2553
972
1650
1194
990
906
1797
906
576
981
1494
1176
1110
2460
561
867
858
1668
330
3225
1971
1377
1992
3180
1044
999
1617
1797
744
1164
849
474
648
387
4563
198
477
402
321
1575
4578
528
1584
1392
843
708
384
501
1263
726
834
1410
1242
1788
1401
3276
1494
2424
3105
1362
381
534
1527
2946
603
576
939
1653
2586
783
945
1134
1398
660
2742
1053
3750
114
1836
2481
195
198
1179
219
1626
912
1293
573
870
534
1479
2004
2079
2298
660
2562
1284
3606
285
852
1053
825
1443
2817
471
1356
2841
1584
2958
2430
741
681
861
927
630
246
1134
1425
243
213
438
390
642
213
177
1110
4905
876
345
1251
105
612
876
1149
3321
195
348
3735
2160
1104
4041
1674
1185
1953
2280
798
456
1860
3183
645
582
2652
918
171
177
1773
342
381
171
204
1599
2889
375
1797
1707
762
339
312
1752
1767
6357
309
1809
1746
1122
1752
1017
1161
1764
1254
942
732
1689
6384
657
816
1125
495
693
1773
5859
798
1269
411
1731
984
1077
3732
1542
1158
1638
1596
1563
1581
609
1203
633
1125
537
1773
1470
711
3147
1305
3210
2385
1545
813
291
4452
2901
1089
1512
699
1134
855
354
948
438
2787
1179
1119
1332
1503
2391
3447
1632
1668
2097
939
1623
915
1077
1032
366
204
813
1929
714
849
1341
1533
1299
1677
1716
2331
1329
81
1824
492
261
282
342
1002
453
1116
582
2085
432
2187
717
1878
3276
1227
486
348
327
1701
4218
894
852
2259
219
1686
405
648
441
1335
543
276
912
2055
1614
687
498
930
1215
399
570
294
339
258
402
822
1257
1593
3054
1401
216
936
1254
579
366
231
3378
375
4335
1035
1683
891
1857
3705
2115
1086
321
645
375
1119
1533
1026
426
3144
1056
2829
420
1224
2145
1455
3735
2778
1752
1416
1947
1950
3231
600
1896
1224
1578
1536
1443
1446
288
3573
1197
2094
615
2997
3240
1806
1491
1350
285
633
300
1137
1344
1437
1014
1695
915
1086
375
831
1656
618
309
636
273
2958
690
822
339
381
2919
447
2811
1152
1152
1881
3480
597
3105
690
354
417
330
450
315
279
357
3150
690
1602
1269
1287
1341
1080
1170
1455
234
5967
906
699
2847
1302
2970
1101
1182
1005
960
942
1737
468
1125
1671
2097
2229
1746
1836
1314
1317
1623
1797
612
1245
1113
2562
2709
249
2700
471
381
2433
1455
1089
2478
1029
2010
1518
222
942
1716
207
1734
1281
2268
1005
1704
900
1287
636
918
1281
663
2487
1887
2028
1050
903
1923
1158
3702
900
936
3207
1755
1551
1239
1464
435
1425
4527
564
663
921
2292
909
807
153
633
678
2544
1572
1323
2439
285
957
1347
2883
1251
651
630
447
1521
357
360
765
1656
837
444
186
555
213
411
1656
837
444
204
675
2064
483
870
1728
495
348
1350
4737
2331
825
573
1719
1935
780
819
630
1815
999
549
1218
198
732
855
4494
1593
1929
351
474
1077
2310
2817
1263
4119
2373
1368
2064
456
1473
216
684
267
210
2940
1278
3222
3192
2109
2688
1095
1785
1062
708
2880
1011
1887
2376
2145
2172
1395
1128
975
1251
981
1158
1296
507
1035
891
1116
1098
1125
3360
1224
594
957
225
1212
210
1101
2100
1194
1662
2220
1986
975
1047
942
2403
615
648
774
639
624
225
441
420
354
1155
363
1119
534
420
1017
1008
504
372
252
1119
330
207
3720
282
408
1086
510
2721
597
1989
1227
1116
2847
753
1206
1767
678
1014
801
1839
927
2205
1281
1206
528
639
1206
471
2721
3027
1227
495
1509
885
504
666
216
1167
1377
2376
1638
1782
921
750
288
1515
210
348
2376
3825
687
783
513
1068
336
909
2832
810
1548
369
1443
750
828
942
1338
711
225
558
1677
2637
534
333
594
1737
927
660
1098
2091
888
1866
348
714
1173
1032
1071
774
816
375
5190
2136
924
987
1476
1035
588
1035
1464
855
459
1077
321
330
207
486
303
330
465
228
609
207
627
1077
771
474
1377
1863
1683
39
774
486
1146
504
474
315
156
447
447
660
69
297
1257
462
456
555
1494
1722
669
1659
1638
267
1518
1143
954
1830
834
291
225
1002
1194
225
774
165
267
747
417
1242
651
1485
786
768
855
1053
1554
1581
549
816
948
855
807
669
942
1275
1152
777
1098
531
264
486
258
669
234
453
837
579
288
561
861
852
345
270
753
315
138
789
1212
1293
420
696
1560
1458
966
996
1410
1362
489
222
759
291
1770
492
336
363
1764
7092
2025
1125
357
630
540
243
1872
381
483
234
450
1377
285
1038
2775
2913
837
936
801
888
228
648
777
939
534
663
159
390
528
1092
618
2979
894
387
519
351
960
243
627
1584
894
1044
1413
489
213
1266
2112
522
306
1011
1611
1086
1497
951
864
510
399
633
264
225
192
243
525
468
558
573
201
471
366
285
429
438
1194
600
306
174
300
312
360
300
201
264
441
669
255
135
369
417
666
813
501
108
1302
783
546
321
240
213
246
732
636
606
1416
201
411
732
4185
534
651
498
93
438
387
384
606
807
600
216
948
951
318
441
279
492
270
543
396
390
273
363
222
297
903
987
135
1134
1620
156
447
495
276
1008
765
1077
594
1008
2391
1491
273
582
2190
3495
1044
1677
1152
3882
1482
411
540
774
372
1329
1083
933
3750
3840
1689
1266
1590
216
3012
1380
534
264
630
504
354
243
306
477
318
534
534
744
321
450
1791
378
684
384
735
237
345
2433
2040
1605
1464
1743
246
366
528
333
321
246
753
372
525
282
291
372
246
483
867
408
567
267
882
540
864
546
732
1188
264
516
339
240
687
270
375
354
378
732
753
822
1359
585
495
438
780
513
267
636
747
1632
204
1260
2853
2457
1404
282
597
1710
1032
1215
1173
822
351
381
168
321
210
1104
201
351
339
1548
1032
1713
420
642
1896
2271
2562
1419
918
1002
1728
288
543
234
948
1008
903
1020
936
1344
987
1056
1800
5457
3477
339
993
1566
1005
897
1401
1038
219
2487
1827
1575
435
219
2676
327
468
1467
2742
441
222
207
744
750
1341
189
468
1515
2568
957
1197
237
444
444
3006
1005
2883
1248
1122
462
366
729
1185
1125
1509
1608
45
1644
1632
363
1050
1674
1599
291
1281
1599
279
441
1101
1014
1125
2493
1641
300
1431
1578
603
255
432
378
1155
381
426
1437
309
1095
423
129
1419
1332
693
552
561
1191
789
183
249
699
1587
918
312
1677
534
1131
408
339
4398
1545
1017
360
429
6231
1089
1812
684
1206
456
2388
4095
393
645
492
999
3111
402
1080
6504
1482
2334
519
1008
432
1557
2034
1263
930
327
2394
3498
3756
240
1587
1092
1551
1026
1644
1470
1203
759
1065
2262
672
3318
1287
2736
2892
672
1110
1092
2493
2496
918
1056
1569
1029
807
1686
867
1764
417
1038
1512
1122
3021
828
1071
423
540
735
732
210
837
567
432
243
1584
1221
336
567
357
408
540
1605
291
786
1929
405
1521
369
180
261
1758
1170
621
759
1425
1323
1758
666
624
711
1608
336
1584
1611
999
660
558
1374
1119
960
1170
2181
1077
1563
1134
483
975
1149
1554
645
1176
1515
3441
411
1806
2064
1650
1449
660
243
2130
249
2163
2406
1197
207
1008
1350
927
741
1953
387
756
1017
2625
777
1830
3294
2106
867
882
1611
663
372
1623
1110
426
2385
708
249
2463
1218
513
804
297
540
1608
1617
1401
516
1014
1419
1857
948
1656
516
1614
966
540
402
996
1557
981
1725
6111
2529
1686
3438
675
1434
708
4731
1647
234
2970
4431
699
750
2262
417
351
408
3450
1209
1665
3612
870
1638
3354
1545
513
252
1044
945
1062
4536
999
219
1083
1116
1314
138
2235
795
636
2604
657
1035
1437
1209
327
1695
252
1869
708
1755
837
6873
1164
1983
2109
1200
1242
1023
885
477
273
1095
165
723
192
1074
1548
750
906
966
390
717
609
909
1269
1617
558
1569
2679
2547
387
315
1212
1242
1632
486
240
465
1029
363
429
1113
759
1935
294
561
240
600
936
1749
789
1224
888
1167
1071
822
234
1068
2172
3993
702
1221
1227
1029
804
495
1560
624
2331
696
1200
774
2082
3042
1617
2682
1947
318
303
1014
1917
441
576
2445
645
1563
3051
618
1149
576
2775
1884
1380
1038
396
381
1620
408
438
1410
1056
1599
696
1620
330
1017
1608
1845
1536
3234
963
672
2853
1803
483
321
2892
2061
1017
417
1005
1812
1533
267
1107
1344
1776
681
324
5007
594
1233
873
1104
699
993
1371
2202
1566
1050
228
1137
1008
909
1617
4800
594
381
1560
1419
927
903
1980
1728
1518
471
3879
1518
1059
753
1107
735
363
411
708
201
1149
1389
336
891
3567
696
414
1854
441
1224
1164
1089
729
828
378
330
1704
2817
1443
1206
1224
837
969
909
1572
2778
2115
852
447
690
348
4788
2541
1194
1221
3351
1650
492
474
1701
5175
1008
165
426
435
1194
1590
1107
1110
333
798
1806
1038
1665
201
858
1098
720
1788
2079
885
1539
1533
867
1401
2133
1272
1599
1332
1341
618
2538
993
330
999
2004
1023
1980
1821
2301
828
846
885
2097
1587
2787
246
1752
1053
273
627
2115
2565
1074
123
264
939
294
771
795
828
759
273
990
1065
954
1029
318
2145
276
219
498
5307
1071
819
1101
1650
1482
333
1434
2508
516
765
255
2193
1095
1431
1200
1788
2379
3282
63
1077
786
1989
2391
651
963
507
519
294
510
432
1368
51
2352
270
2148
1557
1740
987
798
1281
1965
1206
759
1914
1365
783
1023
2235
1110
645
2121
1416
360
210
525
696
2304
1407
2505
1806
546
1209
1194
246
741
891
1878
3420
1005
3003
477
165
537
249
273
969
2130
252
684
498
918
537
246
732
1704
162
399
3996
828
204
1107
2751
1698
1425
327
1713
744
1746
543
3402
3366
384
483
1056
651
480
1272
660
504
552
345
1251
1137
810
2037
1059
1005
1704
2256
639
1227
1293
3726
2850
717
540
573
1749
453
918
237
228
621
966
1722
1728
714
300
246
1857
1149
555
1689
1533
975
2208
588
579
471
981
1668
1689
1254
2463
822
447
1593
1188
1887
303
987
2157
1005
768
3774
1932
519
1431
294
2730
1431
1305
282
1299
657
1896
2109
3675
1635
1002
471
414
975
2892
1659
1017
2571
3699
1368
1386
429
444
1239
1041
951
474
960
1278
933
2190
1128
909
465
1377
2625
1230
1104
1413
1713
2508
420
735
1035
1854
360
2151
7293
540
261
1134
1113
2376
42
630
1107
579
2625
753
990
492
1200
579
429
969
1152
798
1020
2187
1155
654
249
660
480
2379
1146
1542
1044
672
849
1050
1530
4263
1650
1083
159
303
198
1617
981
1038
522
834
639
1140
837
411
1053
564
1005
723
1437
888
1029
513
684
267
1035
726
339
522
2541
1005
1050
1839
1455
1953
402
1593
786
912
1164
849
240
228
1566
2025
1278
3552
321
1638
999
1167
1422
936
378
1410
186
1419
201
1005
210
1539
447
555
546
702
1560
2115
1836
1737
456
675
2292
2256
333
153
1620
534
1596
234
234
213
216
195
363
1176
465
1734
2067
1530
246
627
261
381
432
432
219
330
300
477
627
771
618
600
1722
570
2214
1206
1206
1566
498
3111
4338
3855
1041
1395
2544
792
450
1443
4407
168
399
2052
3111
498
1104
507
2436
570
2391
3399
1437
1206
1206
1224
354
192
291
633
291
420
282
279
690
192
234
363
246
252
918
246
558
318
294
408
384
1506
699
594
192
1524
492
162
1473
330
1521
291
798
294
258
285
1635
351
681
1068
441
324
204
441
279
687
1029
456
306
753
210
1143
4377
1611
318
1488
321
1704
1239
1584
1083
1884
1206
477
1497
774
1506
654
1248
258
726
1245
1872
1695
2682
3564
987
1131
1476
1722
1620
702
924
465
1350
1542
1527
1338
1140
852
1860
1503
1734
2751
579
1248
702
2046
396
387
1392
2403
4317
228
1344
765
702
414
750
318
702
2379
1689
1002
522
1029
1680
1440
1881
1764
1770
924
864
783
1533
3072
762
1938
780
2361
630
882
297
306
375
1845
360
801
735
426
1878
1038
531
444
717
660
774
1158
1659
432
1305
471
900
1212
591
2127
534
399
705
345
372
534
5301
576
2955
1980
342
441
615
2628
507
720
1473
3651
2421
474
537
387
7500
729
510
2844
2226
1368
1716
702
330
768
768
588
474
747
315
447
828
855
1311
684
786
1068
615
1395
696
921
279
375
2451
1473
759
360
771
1431
471
492
711
3285
585
450
453
1263
2703
609
366
159
657
138
546
1020
579
834
819
702
2898
2109
372
1305
624
2043
750
1170
255
252
1296
2079
1476
309
264
1686
1644
1764
321
789
327
384
276
5088
588
855
336
510
861
1164
252
333
426
798
1617
366
315
1134
3132
390
231
2061
1443
372
588
648
981
570
1992
1650
642
174
858
252
1203
912
432
1509
351
309
1554
1203
906
4914
336
417
465
549
714
999
1089
2226
1062
1470
2943
1377
2940
468
1836
1245
399
1059
72
561
3225
429
357
4998
1071
1263
87
1362
1305
1791
873
1206
2718
2949
216
315
216
1686
1212
1044
561
1032
561
537
348
312
1257
768
1296
1284
540
549
750
411
258
3666
2079
843
435
1614
1308
3006
483
1032
2370
1866
1209
2784
2154
2214
1482
960
1959
1476
1950
411
1761
321
969
4275
543
3237
2109
1050
738
876
1788
759
4353
126
444
2475
537
2427
450
1098
1701
756
333
243
1188
675
1767
1524
750
1323
873
1146
420
729
459
1269
603
5091
1011
267
741
591
573
1143
288
828
801
843
951
336
609
714
399
249
1266
1482
765
318
855
288
1185
306
1743
1005
915
3174
333
1317
279
225
507
669
324
516
402
1344
3090
1227
1221
990
432
603
693
1674
648
1110
306
1443
1068
1155
201
666
300
1761
159
894
486
507
315
1044
1149
411
1437
150
1107
4173
570
633
678
1344
897
549
1398
426
885
597
2796
1980
1248
1593
318
246
903
282
1776
2229
573
2679
1707
618
2058
363
372
513
426
369
690
753
1848
705
261
705
372
1818
276
498
753
321
1890
129
204
7176
1269
456
483
927
417
252
255
330
369
999
1983
168
516
1569
2823
1776
1401
2160
1059
1068
3345
1698
1065
186
189
987
150
1065
210
984
2862
1467
771
1029
1083
450
639
417
147
348
513
744
1380
3141
1611
702
1038
723
1728
279
1017
1686
402
483
1377
279
486
1068
435
2295
1290
1566
1854
489
405
168
954
1017
1689
1098
1608
1650
1566
1602
795
1542
1440
1377
474
753
1503
459
1152
342
2232
405
1752
1818
660
987
258
816
1740
540
1146
756
228
5727
1272
378
393
951
702
696
552
753
1419
1419
1419
1476
531
1431
1509
1083
924
2346
615
7608
651
738
606
501
2319
660
309
246
291
1515
513
549
1425
1785
1419
4662
1692
519
426
3576
573
441
486
249
1143
1788
2301
2247
2232
2235
1878
1134
2295
984
1011
942
1224
495
1650
1416
1380
216
2121
1773
1278
1749
501
1236
321
1794
1764
366
456
1356
1557
1743
486
1626
324
363
345
1110
636
1170
693
1233
1785
750
543
507
474
363
507
906
2367
1110
1710
516
1110
1716
858
1437
1041
1272
423
1044
513
2985
1803
861
1230
1143
1206
771
2886
1461
1245
1596
2808
1635
858
243
588
1344
1176
858
1299
1296
1134
483
1410
2724
1200
1434
459
1173
1443
1680
489
423
1758
2988
1074
1584
1182
1674
1014
1749
3831
1953
858
1443
759
603
1641
2796
273
1344
516
285
621
648
3132
1731
1305
2805
1515
318
405
1332
1371
2109
1476
1536
939
348
420
828
1551
1557
2109
489
540
1002
2067
654
1107
1176
2457
831
1167
927
2913
1293
1902
1491
1761
483
1386
2916
1842
1515
840
897
2223
735
960
1047
228
2628
1623
1902
1257
903
1047
1011
258
816
1434
894
237
3372
1095
513
336
747
306
243
393
399
1128
1437
885
1617
1635
1185
1083
1134
2457
246
228
864
1719
1719
861
354
465
942
1248
1266
1293
1413
789
1212
1329
1233
1128
600
1269
1023
1788
225
834
324
1740
249
312
1122
2154
1329
597
1851
810
1032
573
402
1203
711
273
693
1044
1767
393
888
210
675
1695
1026
873
627
702
789
2220
7389
798
645
1659
1677
714
3372
741
324
3462
381
414
444
516
630
1809
231
294
1623
846
1776
1938
2616
1188
1485
1938
1938
906
618
2475
2469
777
1317
1374
1230
285
576
648
4158
402
828
822
1032
579
669
315
648
390
1875
948
975
561
240
621
678
1422
486
837
1200
225
1044
417
462
516
237
1200
351
1167
543
1056
945
564
1101
783
981
789
1266
441
474
981
1515
1050
1458
1440
1617
2109
1398
1566
1590
1074
1086
558
447
255
729
690
1602
444
1032
351
972
1755
429
1314
306
927
1503
618
906
900
789
1659
246
492
531
492
390
1890
981
567
1428
4047
672
972
303
1185
1329
588
903
1086
1722
699
1269
5808
1317
1437
2028
2937
162
1008
1068
1092
1059
1329
1437
1407
945
384
381
792
1125
1305
1089
957
876
210
1044
1191
411
702
1317
1434
1080
1095
603
1758
384
918
450
384
2292
1125
957
1446
1569
1080
465
3156
450
855
456
1356
444
1266
2526
639
429
2781
477
1062
945
3066
1410
2361
1311
444
483
753
1881
441
1410
1536
222
1908
831
486
474
300
636
390
309
1227
5955
321
747
1119
204
468
1569
915
705
1005
636
855
1146
993
1470
396
7533
552
1143
492
300
414
1713
2295
1701
1008
1053
732
618
1449
141
1455
1275
2184
936
1398
384
396
333
336
1635
117
1596
978
1023
1461
1956
1299
1956
567
1314
1257
1878
792
1086
309
492
756
831
2184
4401
360
222
360
729
1170
3153
348
210
717
972
3414
2376
150
2370
2946
918
531
1260
2154
783
1785
1731
1116
1848
2001
2346
3657
333
2271
789
924
1623
336
11613
1107
3645
1635
1602
867
1731
1824
498
1662
315
276
276
4032
783
234
1944
2460
2934
822
327
207
1506
1431
456
1374
2790
882
1215
276
933
1062
1992
411
207
1122
522
285
318
972
729
1587
954
1191
1686
1491
1302
834
420
1479
2442
1083
1257
1365
1542
507
996
1173
1503
951
2424
666
1302
483
1557
1542
321
222
222
1566
786
1029
1581
1911
939
1407
393
603
918
144
615
930
240
1032
978
981
1602
366
606
312
993
603
714
1089
444
981
954
996
549
1380
2856
717
804
1536
615
2076
423
1071
1146
1089
216
921
663
156
849
987
243
1782
861
1527
366
1698
444
2532
411
426
744
162
1641
393
1065
768
960
1965
2091
1674
1164
1806
2037
1017
2160
645
624
906
1029
603
225
1413
246
267
2913
609
3276
1389
603
1221
144
1305
666
921
1473
1170
1308
594
1200
1320
1695
2478
2142
1296
462
618
531
1140
1755
1029
1722
1353
762
1158
315
327
1761
597
1806
1815
1416
1056
267
5328
594
1566
666
798
591
1092
219
1041
672
1713
375
1305
1302
1935
1458
1494
2142
762
936
1284
342
1050
1206
2244
1278
1461
453
1653
693
2220
2127
387
942
3264
3414
1344
1185
1443
279
360
1443
1068
981
837
936
1401
1647
219
315
681
783
618
225
1410
1512
1182
642
1485
1335
1539
1317
1146
957
2040
1710
1386
1296
207
702
708
1320
1911
1296
897
3342
930
2010
1695
2157
3225
1869
2118
1689
1347
4617
2619
2394
3549
1626
552
1512
390
2466
3795
813
591
525
771
282
1065
534
534
1560
792
1890
372
393
1170
1569
33
1326
858
1536
480
3198
654
1323
1095
1602
3966
345
1107
3552
1197
1416
1707
3012
558
1827
2568
1473
1641
324
429
1695
1881
1716
1218
642
882
1374
378
717
438
1113
3102
1320
735
1578
1287
441
1257
1581
1296
1452
1278
1638
3303
468
1014
2187
1038
1137
1134
1647
1074
555
2352
912
297
288
3138
3453
792
2526
1992
2373
1005
657
420
1242
1605
1659
1557
1002
1866
615
852
1812
4137
2100
486
1842
285
240
1809
1488
2133
1752
3240
1176
2292
1839
1035
1155
468
651
7317
4083
603
384
1236
414
1500
924
2367
480
573
3312
1260
870
984
2160
810
2394
1056
1545
801
2796
2274
1182
489
2646
330
1068
927
879
714
813
855
738
1638
1548
921
1518
1620
2334
1437
1503
627
2046
1092
1989
978
2670
936
1425
1533
1905
1470
582
861
1491
261
1884
1224
774
501
1413
1209
2004
939
1830
603
1365
1605
216
879
1206
1113
339
1026
699
1071
1842
450
639
1155
1107
819
588
903
1740
1635
687
2028
1053
1188
2400
486
1026
1437
2439
501
1263
1056
819
1257
1317
1968
1329
714
3243
1050
1734
1488
333
1590
1749
1473
2325
1440
1752
1476
1452
1626
627
1671
1569
1674
1164
1062
819
1512
567
1524
1467
885
3801
2076
990
1113
2349
2928
891
2325
126
1224
762
780
1740
1389
1395
2994
612
1503
1596
774
774
1179
1746
486
1062
1995
1389
2013
543
1668
1260
1026
2817
234
642
1701
2226
1152
2574
1011
2061
1998
843
1050
1506
2079
2130
939
1416
780
837
1296
1443
3957
1197
2127
1326
1407
987
942
723
1851
975
432
207
336
258
1230
2541
1131
1182
1743
282
681
738
3516
489
858
933
1953
2448
4719
678
1308
2484
621
309
2331
597
309
2367
1404
3405
459
1572
1200
294
606
1422
525
1299
1128
513
846
1536
2751
1545
1236
2013
555
693
2886
1659
1692
1251
3111
318
1503
1920
1893
2559
1161
12114
1650
354
951
1002
684
1857
669
1437
1095
1353
1107
831
1152
243
435
2349
708
1365
264
441
2313
1740
2028
405
1260
1104
531
2340
3192
1449
2145
2988
447
912
1419
567
1011
2403
3342
2496
648
1404
2439
1527
270
210
438
1077
1980
3666
687
591
666
2421
576
1482
333
612
1566
1191
1161
1584
3174
1098
639
723
1305
2004
1122
1575
1779
915
1380
2157
405
3057
1545
3111
1164
1104
1434
1221
1038
198
1185
1638
375
345
714
459
456
2034
915
543
1875
1746
1395
675
1131
219
1830
1413
1413
1380
594
279
225
528
342
2313
2886
1170
237
1527
741
2817
522
633
2244
609
732
3375
4245
2937
1131
966
2613
1497
1416
1179
5124
4077
1419
627
4410
1419
549
2745
1029
645
1215
762
1749
1032
2241
1794
921
243
819
1566
1506
2178
714
846
1758
1806
1656
1608
1149
1680
900
5586
306
813
1011
963
1098
1485
252
1641
564
1545
1002
1119
750
600
465
270
4662
2613
1143
750
1839
579
726
2787
786
786
1437
1398
927
591
1620
1497
2616
600
1155
696
2547
588
1254
1509
1500
4935
2367
2517
2520
243
1083
261
1059
1620
330
1653
1188
1224
822
1596
2646
900
1167
1002
1614
1701
1419
708
597
4194
507
303
882
816
957
750
1188
369
2787
858
1662
642
2544
1236
2364
933
1521
1236
867
1395
2208
1497
1797
888
2763
420
933
912
8547
771
1152
207
1152
318
3519
936
375
2592
57
387
429
828
615
300
357
663
1086
72
258
636
783
966
654
387
369
978
324
564
936
405
774
528
2277
519
594
657
783
1650
1008
2223
1392
609
57
852
384
1254
243
315
330
480
318
495
390
714
900
1533
162
243
726
234
837
2169
1509
1587
801
243
66
648
636
606
405
1773
312
294
681
486
1626
549
678
1887
666
1725
783
1512
477
543
1197
528
834
729
300
1386
1371
354
1014
1062
675
663
2178
2979
945
1062
2931
1749
1239
2136
2346
642
288
336
936
750
234
513
438
366
435
3837
720
306
903
1701
255
1614
441
462
1344
1365
1200
579
711
3147
219
1185
444
351
1092
1131
4161
3978
1998
2775
1377
399
3189
210
831
1182
945
1962
852
807
462
759
273
789
1062
3198
1980
546
864
1686
999
885
1554
375
1398
1428
1524
660
987
1044
3087
2289
483
528
2946
2019
1155
1179
1581
1074
666
1044
972
213
222
582
588
213
1758
768
345
762
324
1899
1059
1002
1989
1632
1707
1092
2340
2955
753
1857
2487
6075
255
813
1719
1449
3015
528
2085
492
426
1050
597
228
3273
3045
387
1395
1371
1419
846
1485
636
582
3558
2517
1350
717
1716
969
1479
1752
825
894
1086
663
2886
1014
312
417
561
1026
936
258
510
1593
1434
1491
1779
1806
1413
1890
1413
1413
318
723
462
486
1413
2904
351
1047
873
585
615
423
1479
384
873
264
585
1986
423
297
2028
357
972
285
354
546
390
993
132
396
438
1008
1197
5160
462
783
768
222
1926
768
486
1632
1863
783
303
597
519
492
984
312
696
2502
462
573
1668
672
318
651
531
417
1578
642
993
411
261
2262
459
447
417
3165
1515
897
5988
642
618
1542
834
381
3390
732
1392
627
645
3114
1611
723
2853
1350
594
246
2121
879
1047
1461
1647
1062
444
456
1062
1800
687
1428
720
684
840
654
420
354
237
996
858
282
990
477
297
849
258
858
276
357
1095
681
1626
750
885
894
414
696
441
396
1617
1434
1080
438
822
1704
1227
564
504
1614
1092
1116
858
891
1245
714
1614
966
420
450
288
993
957
1872
1002
936
603
414
1533
1221
570
426
681
735
1200
1488
1596
753
480
2229
780
786
858
903
813
729
324
2049
1290
1614
1965
756
522
429
945
246
456
522
918
1236
1332
1194
1071
549
585
387
1350
2625
1374
579
1611
645
792
3378
1482
891
411
1002
555
774
417
1269
1860
462
969
291
3108
2424
294
4467
1497
219
1455
1452
1014
1185
735
1251
1101
441
3021
4464
753
2481
582
918
1557
552
243
630
207
855
1497
423
1104
2289
690
564
1986
1476
834
2550
1434
759
1977
396
1215
708
1134
984
618
294
69
561
510
651
348
135
327
240
1059
510
558
213
639
420
645
252
288
651
474
513
615
858
1326
495
1572
921
327
1182
480
708
1182
708
1179
309
318
1311
993
429
282
480
606
2214
423
216
1725
369
1455
783
1389
489
2598
306
1458
1998
912
474
846
1167
564
3063
456
567
267
282
426
306
231
627
759
219
1572
423
414
219
837
840
495
648
570
930
1095
1596
156
234
1809
429
522
393
3222
3009
447
264
288
219
474
537
336
267
234
531
201
180
675
552
276
303
441
1611
357
789
966
1125
1140
123
621
315
3561
936
297
258
1248
456
204
246
261
201
360
513
306
291
318
375
240
375
369
318
219
762
264
345
336
261
354
1089
429
378
567
873
1167
1605
897
1197
477
1212
303
1080
1452
219
1542
231
1557
315
393
2862
255
885
1056
834
294
1680
1050
1620
1629
1644
1722
1602
408
231
1080
984
489
258
789
1605
1065
150
120
360
450
555
1425
513
1488
1308
1266
261
501
180
900
1536
594
1389
1956
963
315
1470
4068
1692
4158
783
783
1125
1047
810
405
978
708
240
162
2574
1152
642
636
1353
516
630
252
147
225
495
294
411
249
333
1071
2067
426
366
1215
822
255
210
291
726
702
759
282
246
519
810
339
3336
2292
627
2034
3450
906
2172
1752
828
1332
7551
459
240
210
627
936
723
723
936
1068
210
483
552
591
600
930
393
240
336
414
804
870
696
1731
1281
1269
1503
1014
1224
1173
1566
615
1686
1179
1224
1401
483
771
942
771
135
342
1536
285
138
2631
2307
537
423
1215
1503
384
1437
957
1152
3903
1569
915
1431
411
1467
1467
1467
423
399
276
1410
504
939
897
1638
1641
261
1389
1596
1497
1566
1212
846
837
234
474
912
1356
1152
1809
249
2211
435
1677
1032
5310
1362
999
1902
582
1098
1170
1731
2679
2904
1488
471
828
723
567
240
1179
3066
540
2082
636
873
471
1131
603
1824
1272
1302
1899
858
738
825
591
2058
525
1017
1566
2202
1032
735
459
1056
528
1983
1320
336
1647
621
1260
1134
1389
276
1023
621
1227
1575
1608
528
360
534
273
690
897
1227
2100
5157
702
2286
2343
402
495
447
3225
1119
831
774
360
528
975
768
492
501
363
951
603
1569
1377
1641
3849
888
1026
897
390
603
300
435
1356
252
444
1293
990
915
582
1773
1473
618
645
399
963
1536
567
759
693
285
2514
1899
2076
771
1278
3369
1311
621
1059
1548
330
2121
321
492
369
252
687
480
1701
750
276
930
315
936
267
294
792
1050
465
261
249
1353
846
258
1047
474
1041
267
375
1047
1326
270
1398
597
225
690
537
1440
1029
522
954
852
438
546
1029
630
543
1056
663
1479
813
1038
1092
1125
1041
1515
447
801
1236
219
1545
594
2508
747
2703
1554
840
5484
1503
1278
4224
1209
234
2406
1125
795
528
831
588
519
1722
591
990
6534
1086
3270
546
312
2331
1938
2544
336
366
546
258
324
1773
726
441
459
1704
465
435
510
327
1776
615
213
1764
1614
597
177
357
1665
1770
1644
606
1305
396
1758
327
2067
1761
1056
1038
1020
1191
1089
324
486
825
1020
1776
1065
444
1392
567
240
504
1704
1515
1047
522
1635
468
414
702
516
2652
315
1566
1206
1224
5232
1746
2187
1236
861
6381
375
327
357
879
2904
1491
363
282
3057
234
618
564
462
225
819
2838
5322
2016
2115
2313
378
2724
165
483
837
318
2688
507
330
375
594
1362
951
720
336
462
2757
360
240
537
285
279
219
729
363
444
219
3645
465
495
450
1794
2808
438
972
1797
270
624
288
1533
432
1215
1794
549
855
483
699
1632
1464
450
972
561
651
1272
1128
1890
1620
126
897
861
1305
1392
426
762
1734
987
1074
357
1452
825
1119
1938
990
411
156
393
951
231
555
393
762
1167
1230
300
3147
270
3663
1689
1413
1134
276
285
3840
5748
465
504
4284
846
702
1638
1068
945
1122
306
495
1080
1011
672
2238
2082
3675
855
1002
723
4287
264
3048
1590
348
336
1398
1074
1467
558
339
267
981
1512
1314
1041
525
1545
273
210
582
612
921
2004
1203
1128
1461
399
345
399
651
894
606
957
564
1566
2775
333
1614
891
516
2880
339
228
309
366
243
366
402
351
336
348
312
480
234
243
345
387
282
354
369
423
339
507
315
372
348
165
567
504
147
276
474
546
1032
630
402
231
231
303
273
489
1218
585
1038
1734
870
774
771
234
399
600
330
1242
2013
423
447
687
696
1545
306
336
1704
1206
2910
1584
3681
2433
309
2496
2541
1032
240
1383
942
324
1914
1464
1098
1404
252
1041
2454
597
357
375
2091
1887
2478
2091
228
207
3522
2289
2454
1242
2058
1086
324
357
1116
357
228
381
1431
1032
336
321
594
1032
318
207
789
624
2838
1074
531
291
237
321
1674
330
150
924
1314
882
1146
324
882
783
1797
1623
483
3657
2007
1602
2415
1680
1407
1389
1563
789
702
855
1656
1704
1431
879
3432
1176
1359
429
423
1677
1092
1524
375
420
1560
2976
1044
615
1665
1170
225
1002
936
1026
474
297
4536
246
1404
1047
537
2124
2346
2838
2028
1116
636
390
771
600
381
918
969
489
1035
1002
633
1308
684
1764
1044
873
831
1377
360
1050
1065
2010
1200
315
2133
2373
1023
252
336
330
1761
2019
1533
2355
2079
4092
3780
1314
2985
2967
1140
2781
621
1275
228
1218
171
222
1632
1149
477
2733
951
864
1047
1086
1521
1629
1350
4680
1287
1032
1695
1530
393
363
306
1335
1347
540
1530
1392
2844
519
2013
1845
4395
282
1773
7611
1014
3432
1773
483
732
1269
996
1065
1857
984
2109
2226
876
966
603
681
984
369
339
552
1839
549
1674
1179
2268
1299
1530
678
954
429
1707
597
804
2223
6672
1884
348
360
321
408
1338
417
306
1062
1062
1542
1365
1554
576
510
840
1047
1029
687
432
2388
288
8322
318
1908
1008
321
666
690
1257
2757
537
585
174
1254
570
579
582
1623
1395
1290
438
276
3174
2835
849
1743
543
1026
237
753
837
990
3558
2190
1146
588
7083
555
423
363
564
1536
3165
867
729
621
1023
3645
1311
1002
423
459
150
330
804
276
33
90
765
492
252
336
345
804
1236
3789
936
339
357
465
1005
2085
906
2658
2238
867
837
288
432
1080
624
480
390
981
993
582
1929
906
789
1236
429
1227
3741
663
792
90
120
171
321
528
1062
1017
747
540
861
1134
1044
198
441
537
1929
447
1656
1110
1131
972
939
765
1692
3891
399
534
345
879
918
444
228
1719
438
384
420
810
783
285
1239
273
972
2922
1149
507
651
291
1041
972
1218
645
1038
1536
993
3447
1122
759
825
1017
312
477
573
132
864
276
456
339
783
462
429
225
318
237
783
951
1062
1314
405
255
1239
933
1005
426
141
936
1038
6174
366
396
507
975
285
654
876
504
723
933
921
1656
105
588
2484
567
564
4251
1038
543
1974
561
1062
933
921
2325
1218
801
1527
1740
312
396
243
1941
732
1035
1227
1128
423
342
1167
381
360
765
1401
477
906
837
819
783
2112
966
942
3912
1737
204
603
2715
2811
1620
207
1266
630
1716
1209
1419
462
1536
816
1893
858
402
2970
897
1431
1386
1110
1254
1008
549
1614
720
390
1644
4809
4281
2577
2421
1173
2583
1398
732
1569
132
2289
468
972
2187
2610
1545
1533
1542
2211
2754
2544
699
468
714
402
843
834
345
396
336
1347
315
3177
213
735
243
1320
867
396
330
153
198
270
207
225
540
615
2199
411
414
597
228
600
258
417
495
768
525
297
372
264
282
450
1863
672
216
1788
882
1206
735
705
159
228
1176
324
426
378
435
6783
1005
1839
1119
177
234
498
225
402
2838
540
360
747
1347
345
390
285
1227
813
1791
1188
2052
1488
522
657
1095
171
369
486
354
2811
342
1368
378
684
915
909
483
372
1086
792
738
285
1137
528
858
372
216
903
2163
4575
1572
783
1842
864
789
594
1185
927
879
315
414
138
276
504
387
2532
918
1224
942
312
1440
786
2184
798
609
1731
513
402
450
216
1374
1017
222
456
756
645
7323
813
681
729
447
1107
1416
906
969
822
3177
207
816
336
1128
1647
456
582
723
2913
390
2334
795
444
258
258
1104
474
480
372
927
1065
714
369
582
1632
2925
1347
357
129
798
1086
243
432
228
657
621
2496
660
735
1137
399
615
1299
1122
249
1305
1089
489
1008
696
1236
450
1254
3897
381
1527
1512
81
1437
375
1356
1602
1581
1539
2814
720
1113
1335
366
1017
1236
819
4650
366
528
1311
330
1659
4404
327
924
1569
720
501
1473
225
1374
873
531
1242
966
774
771
1731
1374
201
783
996
558
1362
270
6495
1662
903
834
282
729
1092
255
657
984
1545
963
3996
297
2373
2853
1017
1788
1773
1224
3399
420
2763
2181
933
975
4158
1143
1815
693
576
246
561
1815
693
1671
741
4995
945
252
924
351
300
384
387
7326
1575
627
666
2886
219
1233
2892
2946
1215
2892
432
285
291
330
2172
1524
492
693
348
1941
1992
2946
603
327
1635
594
429
597
615
1020
1065
984
933
1128
993
1089
531
1065
1053
2160
315
1110
294
417
345
1098
990
990
1047
435
285
471
690
1086
1620
1611
1104
750
1365
1536
1191
648
549
582
1953
531
1710
1140
849
1560
2307
1020
765
420
273
201
1443
1479
273
1245
1257
1116
99
2295
204
978
102
1110
1029
330
4185
834
462
360
1203
1248
1170
261
564
363
225
534
1638
1569
411
1704
513
1314
276
441
129
1116
1326
141
1101
228
297
1218
681
1650
369
492
261
399
186
1404
441
210
252
1674
1092
1062
297
387
1215
7284
1497
3897
672
279
261
204
516
240
258
1080
93
891
303
1128
1062
408
393
219
540
633
2832
1059
1236
396
342
402
519
540
903
324
453
174
171
657
1239
309
285
462
294
1230
342
288
234
276
594
1299
1965
5844
312
795
1032
546
789
519
759
210
195
1491
450
489
798
918
951
303
933
939
1092
2067
1071
312
537
651
381
666
858
471
399
654
1644
633
438
195
1593
744
627
2235
234
354
969
2031
1119
1653
1743
792
462
696
633
261
459
723
555
1614
306
1269
432
450
771
891
558
552
1047
534
1050
621
450
1569
1170
444
852
192
366
681
1611
411
444
729
432
177
1380
1140
1968
2025
105
60
435
381
1821
2058
447
417
1488
1323
534
282
1137
585
450
216
882
1026
1851
624
240
1455
1479
1071
825
231
405
1287
756
453
1164
600
558
1245
606
1329
2349
1746
2976
1056
1086
6222
1131
5394
1053
1392
993
2205
1746
543
1677
5634
1608
762
513
456
768
1344
228
126
1206
327
189
348
1188
1416
234
513
1689
1428
246
1335
765
1881
570
1314
1323
1149
909
2097
2436
6816
1131
4998
3246
738
612
1023
447
465
414
411
522
504
699
288
216
990
366
873
1683
1182
1608
1017
1341
810
4368
1449
1047
1797
1041
546
825
1341
1494
1908
567
954
774
162
627
615
387
375
384
1329
1116
984
1482
324
1269
210
870
834
765
1608
906
282
828
1122
1095
2076
261
546
639
534
357
474
519
339
1047
279
1029
1101
3888
519
2607
216
357
372
2736
2049
240
924
495
1848
1335
1374
921
780
1167
1281
1092
8112
1056
696
1455
402
690
1185
165
177
174
555
402
177
1347
459
588
1728
672
1323
810
1314
213
1092
2223
1389
756
1092
1632
1341
1656
1248
1092
822
933
747
1149
195
1092
765
762
1794
735
1143
1029
1068
756
1746
2520
561
99
1950
2328
750
1569
762
606
1092
1104
1530
537
1383
1632
2349
1638
1377
402
939
1266
1143
657
1653
288
1743
1623
2439
348
1050
1647
1653
2403
288
1614
1374
4248
255
702
1620
3678
2451
300
390
2373
5187
1470
1518
309
1686
1401
255
1320
231
1044
1995
2736
1302
1617
1659
285
378
1722
183
1440
204
435
489
1287
1245
1821
1293
1620
1206
312
1236
1629
315
7062
7065
978
255
4554
336
3057
2805
1803
51
2118
963
1746
3768
930
2571
567
5553
1302
1122
1431
1812
1002
1209
408
5016
1020
1329
597
975
1431
2892
2394
1713
483
2394
804
741
1452
930
3477
915
909
1386
903
909
915
321
708
2448
1230
4668
231
1728
1926
3105
1500
1464
573
1350
1791
1386
381
1257
849
1002
1671
354
1611
1641
1872
1620
1599
1788
2703
3600
2517
1803
549
993
1299
2562
1731
1137
4689
1167
996
258
1248
3717
1464
1785
1464
2013
498
1422
1710
882
1296
951
777
1629
1626
597
603
555
1494
462
1575
1134
384
357
324
531
1788
2133
315
270
165
486
1116
1950
2823
453
609
303
1398
1617
291
384
651
1962
1092
594
1467
2151
429
291
1521
504
594
2775
357
1644
1743
1521
1026
924
1113
381
1485
1110
648
369
756
2613
2961
717
921
759
504
1179
336
1422
7290
918
948
435
3213
705
903
4914
288
1251
336
705
903
387
1236
957
366
1941
1497
720
330
309
1848
1491
942
2391
1647
1089
300
1218
387
387
315
564
408
336
1122
855
1500
339
546
480
213
447
855
1317
2925
993
957
3102
684
672
786
972
3099
876
282
954
339
663
1998
5049
1347
609
1227
981
3381
1569
6501
1116
891
1128
993
585
1047
180
1107
1209
1041
912
1209
1167
300
1482
795
1509
2307
567
627
936
513
1002
1290
2523
1986
1137
1440
1572
2232
1071
237
2649
1251
1800
1299
1317
183
1350
636
834
1488
837
2490
1683
2451
1512
1482
1725
885
2559
1014
1389
1059
1050
1374
1194
1746
1626
1713
720
1626
822
252
1299
1557
2301
1761
723
1014
1449
756
2352
1281
2421
411
1116
2385
570
492
630
657
627
2193
1554
2775
1575
1125
945
837
474
909
1035
1659
1293
624
591
1758
687
3603
1149
660
1470
1137
819
1119
1071
1377
489
2418
1854
2043
1776
1797
1737
1698
645
1740
468
1854
2322
1839
1965
756
2820
1356
1251
1578
1404
3642
1698
1713
1356
3267
1065
1233
690
519
1635
1236
429
1008
1623
2115
732
1374
5832
795
936
792
909
333
2817
1359
297
6663
768
1917
6651
1410
441
1008
1452
3633
2382
1503
1857
960
1020
1602
1239
261
810
1491
1413
930
525
7053
429
291
2028
942
1842
1785
2073
1140
2271
1773
399
1944
681
1560
1443
2724
1659
1716
351
1308
1818
1488
957
1560
2964
2691
2841
1176
1587
387
744
981
1935
2217
1899
1374
777
1584
3906
2853
438
1950
990
2859
3921
975
609
819
312
393
1785
252
1035
1791
3051
2349
882
870
987
1779
1869
1209
1167
1221
393
3504
429
714
1545
1734
534
876
843
1614
1062
1428
1092
1914
690
1038
1047
1008
1698
1329
1149
1590
840
1683
825
2952
1944
2106
8913
876
2007
1224
789
3663
3000
348
5202
1095
1626
534
1005
1302
645
606
1110
291
2988
3477
426
735
3063
1395
345
2274
291
255
2088
318
360
5175
1257
1383
1719
642
486
825
306
1203
2613
1473
2586
2295
3231
1248
1050
939
4707
1788
2706
2067
1014
1521
768
1239
1779
978
3075
237
2982
1602
1131
711
159
351
639
1737
762
1734
1722
213
1062
1143
3597
3981
1227
1113
1809
735
1746
1056
4182
1227
1311
1197
786
642
708
867
1896
774
3222
1464
1746
2214
1491
348
519
2460
612
984
225
699
1314
1653
474
504
1125
1353
3657
528
669
516
4095
1980
1245
4482
2142
2805
1488
2190
399
540
1983
1419
2859
957
594
1134
2958
2805
210
576
471
138
426
492
495
774
861
7308
501
552
627
420
465
570
570
606
1299
792
570
732
7416
525
1191
684
540
582
408
345
1734
654
612
438
2004
228
702
381
1872
369
279
861
423
819
600
567
708
615
402
753
435
678
729
324
747
1029
750
525
582
510
333
2427
2997
357
819
1314
462
315
702
393
1005
522
447
1404
516
264
1257
2115
2376
900
1923
1083
4350
4788
1140
1776
483
732
2379
1767
2229
3423
1755
966
513
1143
654
906
2628
507
1758
1269
1812
600
7023
465
339
3816
2319
216
1056
990
315
1716
1230
288
468
870
357
1887
1023
1794
639
669
987
2487
831
1020
405
1161
525
495
912
4176
3249
1050
1506
3555
417
2151
1842
3549
2520
1020
1437
1167
1515
3477
1296
2703
2994
2325
1017
798
1416
1731
3795
3021
3843
528
2415
3804
3828
882
1002
1704
588
1005
210
2640
1482
873
915
816
312
1425
2250
882
420
1233
792
867
3624
1614
2652
1647
1899
906
699
987
921
1452
561
1608
1836
867
1836
996
1005
216
213
2832
4644
4602
2820
1215
636
6678
1557
165
267
1800
1260
2004
1047
1542
120
897
1269
945
1713
978
564
1029
966
762
1989
1044
765
2976
942
984
1488
348
861
792
1035
1296
1560
930
1221
735
1314
1200
1209
1599
1386
2532
543
363
369
1512
576
327
906
1257
2169
801
3783
1698
1101
2016
1254
1326
414
312
441
1932
2091
1122
312
414
726
1599
711
747
1041
777
444
741
2004
1149
1278
4272
1800
1653
1830
480
2259
1539
1011
780
486
615
942
558
2280
1155
627
963
1059
279
1290
1368
1650
1059
759
2676
762
783
372
453
237
1311
1182
1002
1464
2001
1293
648
696
1803
1176
1185
1317
357
1821
1179
420
2349
2079
2331
1965
813
339
876
1104
1167
2226
1068
669
1662
2049
1821
519
528
1953
1335
453
2727
2418
1233
1203
837
1770
894
264
2394
258
1050
597
1083
1701
1641
4302
450
1650
681
756
468
924
1086
2358
219
324
225
1380
612
351
891
228
426
1593
735
789
4572
645
1512
3939
1206
1713
2484
1113
447
1086
495
258
2169
1395
2964
1074
1299
426
2193
543
3381
1506
1500
2988
1407
873
627
666
795
1002
561
1455
1137
2148
660
1542
519
2673
663
627
1161
768
930
342
450
1062
1152
1929
1194
414
450
624
1623
495
282
2019
1923
420
3312
429
813
714
1548
966
1845
1017
657
258
888
471
471
1947
390
402
2376
402
312
7779
450
501
2145
507
351
465
1569
2514
1092
1122
324
294
576
468
1038
381
819
1005
480
540
1242
1101
387
396
1026
1866
1044
906
969
417
408
183
297
1797
1071
354
2136
324
1107
1284
309
351
579
3192
1332
447
3267
729
312
2367
1449
1056
750
1131
1212
1203
1314
708
1086
1062
351
339
1362
879
1716
339
276
999
390
522
309
234
1080
912
960
1818
1464
252
1002
867
228
405
489
414
852
738
3246
2538
1593
843
255
258
522
843
411
321
1725
468
147
531
279
2385
285
441
837
726
3030
1923
642
1812
1227
2970
651
918
636
588
66
882
687
471
390
1191
438
2088
240
1176
1488
1227
2139
522
930
378
2043
612
924
753
291
2604
756
2850
1050
1275
378
195
753
939
882
333
1014
546
525
1611
1806
438
1224
258
627
381
1491
978
2466
534
315
423
870
567
543
546
750
540
567
1311
1686
2520
228
1125
438
711
750
219
1452
540
1527
759
525
387
1104
1539
1158
1017
1038
1704
516
582
714
408
351
213
291
699
468
1983
207
1728
2760
429
120
501
357
303
1920
768
1446
753
351
558
366
1140
300
351
567
405
1329
372
396
282
384
384
561
942
258
318
1173
249
174
717
81
453
360
309
324
309
909
1029
507
951
4953
162
888
2241
483
4446
900
684
1074
297
1332
60
714
615
936
840
204
834
273
321
903
444
216
354
657
486
249
996
306
468
87
990
204
198
417
435
198
75
936
1068
285
261
4764
636
1911
57
204
891
780
207
714
1044
1122
642
1533
1275
669
1452
1194
300
618
2067
1071
2067
1068
5688
837
414
486
468
225
324
207
243
432
462
213
321
828
459
195
1344
1164
426
537
189
366
1233
24
462
300
807
798
1965
1056
1362
765
1764
1728
1770
1239
300
1188
1179
1281
348
267
318
1242
291
156
1734
2040
1311
885
537
216
1200
546
294
267
531
612
831
492
801
402
750
867
327
1332
405
1230
414
1212
2817
1863
1323
906
399
1707
1143
1071
786
1710
243
858
348
699
585
651
327
1716
798
1431
1191
1074
1068
1662
441
1050
396
1293
315
318
2034
627
2292
5427
1182
1755
1668
888
1968
840
1743
1719
63
570
636
345
825
1578
1368
1785
870
1776
1773
1770
1383
111
1380
414
375
414
462
1140
444
438
372
225
909
345
273
600
408
603
999
852
831
708
264
201
1002
1641
567
1656
1989
1761
276
420
492
570
4623
1776
1749
306
207
240
7188
2313
1314
243
342
234
342
915
486
354
1728
561
1392
1488
312
198
1536
291
1095
444
1011
888
1887
831
1122
1065
342
1431
1275
1281
1923
471
1749
660
516
912
1542
1335
234
507
1713
438
480
294
273
111
384
390
384
393
387
390
783
363
900
1845
234
591
1443
1212
747
600
570
1728
405
1896
1182
957
5034
645
498
804
1431
558
1752
915
2748
1608
246
1257
1662
1203
1218
1263
621
972
252
1770
639
807
921
375
4071
507
915
255
252
804
2751
1374
987
696
1671
948
2319
1629
1584
444
1683
1251
2793
711
1476
279
714
1527
1254
1074
3180
336
1782
1677
1161
1149
2004
2163
813
399
2001
2046
864
1440
2547
1731
684
1710
1746
2292
453
1311
642
1308
201
1827
999
708
885
258
1101
1926
1224
939
2103
1386
594
654
1038
813
1014
1848
1158
1692
486
1638
360
1158
1167
1758
1128
606
519
1233
594
1908
303
1056
3234
1065
774
603
1116
1038
1659
1224
1479
1215
1221
360
1407
606
690
1587
339
1140
360
417
2532
1989
2583
510
375
360
537
360
1650
2742
2496
387
2631
2781
321
351
399
2226
1080
1683
363
1080
2262
1731
405
1299
840
987
1107
1539
897
246
225
1974
1476
1215
846
1023
1065
1344
864
1824
240
243
738
1878
999
687
2412
723
240
270
2115
1815
597
1464
231
357
1467
993
462
1833
933
1026
888
741
495
792
543
735
1623
576
900
1089
2616
894
1065
321
408
1941
1095
1227
1434
1461
972
726
651
504
735
744
2835
708
801
744
522
456
1209
1455
753
2883
390
333
549
1470
897
1212
405
966
2793
2616
3405
981
1071
294
3012
1236
1929
1182
3663
147
1140
822
1395
2736
1710
3642
834
486
1233
2259
219
819
2370
1101
2928
1449
303
897
1398
789
2334
606
609
1425
876
213
1014
783
234
969
777
1545
1776
945
633
573
1986
1611
891
1896
2325
1242
717
732
630
201
3711
696
774
1116
969
2856
624
957
2169
762
1272
219
729
921
1410
1206
2763
252
2460
417
882
2703
3378
504
1473
1518
1161
411
1098
315
2892
2703
1023
795
192
1050
1545
807
1335
1500
1632
807
3615
1161
408
969
915
975
2922
2007
3285
4086
1845
1032
1509
969
282
849
978
3063
1917
1734
1182
3939
1308
1644
2589
1206
1029
1323
2283
615
579
2049
2007
1869
3111
651
498
1377
2406
1557
3033
1683
591
3549
273
1041
1665
414
1287
531
3390
993
513
1731
2616
1275
555
981
309
648
351
1878
1281
1728
1281
2259
2226
531
1164
2583
837
396
279
573
717
1083
1452
1227
489
735
1038
1983
453
783
2688
120
774
1080
486
3360
753
1368
7566
912
441
1275
435
135
903
447
1377
1986
1032
399
1104
912
945
432
456
645
1497
1875
567
1740
843
345
1083
471
2820
2196
1899
2271
3960
474
708
903
1056
519
471
2862
2292
1284
1296
4254
456
846
636
1266
1278
1704
1107
1464
6525
1371
810
1128
1083
1386
1287
1041
7314
960
5469
1611
7500
2616
1026
768
1563
708
705
2148
591
3000
1659
900
1056
747
936
771
1278
1638
2376
417
1002
2130
1359
720
2769
3108
1548
1071
603
2298
1059
2307
4107
1461
441
990
216
2091
2166
2151
663
1338
822
1377
1632
2172
1059
381
1341
2961
1836
915
1485
1293
522
1944
429
606
1404
1692
1704
711
1917
1338
1371
2055
498
2304
2631
3411
1974
744
1059
2511
1227
603
1023
462
3534
1008
1326
756
3681
1584
3243
1122
2511
1254
798
771
489
648
1431
729
1131
534
1572
141
1608
3135
2175
3747
3210
2427
1371
2115
1596
2304
948
2532
552
870
4308
1032
930
2205
906
2040
276
495
1341
1554
1686
2436
1533
2028
1827
720
3330
339
987
786
717
843
1398
2757
582
1506
1122
1194
2364
957
801
1890
978
1293
3666
672
3273
3129
1356
288
2043
486
279
1488
786
1512
1275
1647
3072
1305
1368
1452
1824
807
711
897
2577
291
942
1668
399
1326
168
1689
609
1329
906
3963
2514
3228
600
561
1038
855
906
3573
4431
927
1080
786
747
678
2409
3129
1659
1113
675
885
2250
345
696
702
2124
1512
2715
1272
1158
816
1161
1173
2187
1647
1341
2775
2031
2790
600
594
1023
4890
2511
1647
1146
2682
3312
1221
2058
549
2385
2562
909
636
1656
1272
582
489
1227
534
1650
990
1023
1068
795
999
3051
4467
3360
3996
3369
1110
1173
1815
1875
630
258
3030
1035
414
1872
918
1260
1617
204
1227
2226
870
1440
2424
1224
426
744
2352
1200
1869
3963
1299
2907
771
564
3264
963
1101
1479
1191
2070
1800
1944
1008
1020
1797
264
1020
2364
1095
1620
2055
1080
10689
510
1560
3354
495
1380
1680
2010
1707
1245
390
1779
2709
2772
1215
639
1284
1329
438
1293
792
1947
525
1020
522
1881
1569
1758
2646
267
546
1572
1641
2973
2415
2646
447
1698
1932
2445
471
1029
3630
1143
1617
4323
942
1179
822
321
1731
951
1566
927
1095
2700
999
825
867
3288
2547
453
4752
114
294
537
708
1692
327
1179
1590
762
462
1017
1011
2076
960
408
882
1245
1386
1260
753
1539
1656
3927
969
2682
870
1332
1626
1083
2205
1158
1356
432
1038
1488
420
972
1278
726
738
1485
249
786
1761
1365
1350
2433
987
732
621
783
8838
798
783
2952
390
2844
1233
1740
750
687
1179
456
969
3426
552
642
2676
4653
1326
159
855
1098
1236
1326
285
1236
645
810
168
1020
711
654
3192
3681
1731
1224
735
867
1290
495
1782
993
723
972
591
687
2862
786
822
1068
5169
1113
540
1233
2247
1032
828
2910
411
1464
981
543
2379
3492
1284
411
1062
1242
363
672
2286
1041
1014
375
894
1716
306
927
591
489
1680
1662
816
846
3030
921
219
546
309
321
1530
1602
1290
1320
4515
1488
4479
489
1209
1104
1404
1878
1551
1842
852
2550
1023
1122
2814
726
735
1833
1827
1845
309
474
750
2829
1359
558
2391
1332
2277
930
342
627
705
480
2238
849
1086
1470
1023
711
1659
3858
1941
1725
2709
1308
930
762
1587
615
783
1683
408
243
330
1722
882
507
222
1299
1500
1419
1629
726
708
3735
243
675
2007
669
573
507
885
168
1194
2685
612
306
2436
567
606
642
5532
2298
1368
1305
1764
1218
2571
1017
906
909
384
1083
2382
2211
2442
258
501
2793
375
960
1002
1368
762
1191
813
1386
771
483
1731
603
966
1821
924
1626
1230
564
1179
1614
1074
1173
993
189
240
1431
1380
1422
522
825
945
1209
639
921
2517
1590
1092
1239
837
810
1392
1284
531
1011
228
756
873
372
705
582
4266
1044
2871
1440
579
579
1494
1344
540
753
756
654
972
741
2598
2781
282
1170
660
435
489
825
684
681
1560
2274
273
279
1068
957
258
750
702
3177
744
789
3177
774
1428
315
957
897
1071
1737
1182
894
1041
633
684
831
864
858
540
405
360
654
2007
1986
2178
255
576
864
1215
762
387
243
450
891
1344
864
1797
1449
3087
765
216
1740
1638
1455
636
1461
810
327
705
168
378
327
789
747
861
921
2517
1320
222
384
390
1974
705
1179
735
216
327
945
702
3912
387
549
1503
1047
4275
1446
2589
1725
324
1107
2442
1230
990
1458
264
639
1029
858
906
576
654
2274
1743
1365
1170
996
2028
1128
5037
1644
1827
1824
1476
498
531
1251
999
975
939
465
2067
1035
360
612
1008
1008
261
720
996
441
459
993
960
627
993
996
996
999
585
654
990
975
228
558
1668
720
537
153
555
1125
1014
2901
1734
2874
237
1755
483
996
996
972
579
879
1692
1512
1065
1239
1965
1602
573
585
696
831
1164
1236
960
774
879
5115
2397
1512
1023
2751
702
1599
1365
1827
426
1164
423
894
612
429
432
1083
1182
609
3867
1200
1515
324
459
1119
597
573
303
2130
357
306
255
2769
1032
72
759
1551
1707
693
642
513
2928
1305
1077
1086
2523
1599
201
1272
4185
216
1224
1206
90
1158
1224
441
312
1128
423
309
549
3312
1227
864
1095
1077
372
1059
1956
336
2097
384
330
363
519
249
1851
1827
357
1644
1758
1761
573
294
1758
1500
978
312
1293
2127
1761
648
1617
591
330
1722
1905
501
1068
3174
474
348
780
834
1416
810
486
2364
1983
735
975
330
1269
1593
4356
645
1245
1455
999
1023
219
312
1239
1515
1551
309
1341
1560
1563
1503
1038
3552
2070
2373
945
930
348
1599
1326
312
309
1338
1266
906
1503
309
1548
2997
204
318
465
456
1992
2457
1335
1137
1152
27
153
1776
1329
1284
1272
1152
1746
1251
1527
423
651
1521
1815
2862
1563
1740
1464
1896
1782
1791
1383
1779
4554
1833
1596
1587
606
375
1455
1572
540
1050
687
282
510
5475
2046
837
429
1740
1290
1668
1428
1611
2262
1581
1866
1206
762
759
336
297
1218
366
339
1440
711
6309
231
246
516
246
276
1338
402
1611
1425
1461
570
570
477
1416
291
1302
399
714
258
1782
231
717
714
432
753
711
345
210
1041
204
672
201
795
417
219
957
231
636
999
531
306
429
744
1029
213
453
489
627
3405
435
666
909
321
747
738
1116
729
393
1218
318
915
810
1089
1926
1374
384
1053
1170
759
975
1932
609
144
750
429
438
3720
1506
420
600
810
600
648
750
531
453
747
249
270
342
213
3531
1602
1101
2670
720
627
327
993
561
747
228
414
3228
1719
783
375
699
1113
282
1377
777
132
1146
570
309
699
240
657
2028
1206
1374
582
1056
1230
7677
1527
1329
267
273
324
2238
1371
579
2448
1494
756
525
1521
1665
597
240
1911
1581
303
411
1602
297
351
375
1371
1212
1806
1710
1632
972
354
354
1245
246
225
1329
573
1236
249
1122
819
1239
351
1032
738
216
1020
147
327
663
1308
486
507
1239
225
804
558
747
519
3081
648
615
285
516
1389
1158
1578
501
2865
1572
798
873
1095
792
2328
549
843
333
240
618
645
633
378
2046
963
378
2046
963
378
2046
798
2697
4500
1458
66
4425
2166
777
807
111
861
501
1917
642
1107
630
780
402
828
816
1218
381
816
477
1542
1545
1263
624
2652
1359
1209
2250
546
1029
2229
579
300
792
396
369
399
177
975
423
1290
1143
1200
564
720
951
429
2613
786
240
2058
489
447
3120
1173
399
1740
2061
282
684
3681
1284
672
984
399
408
1116
2325
2145
4443
936
324
369
273
1218
1398
2340
2793
1653
1434
2112
1569
405
474
504
609
1011
609
210
753
1083
1611
867
267
558
570
693
1860
225
183
63
798
579
1377
660
693
1014
8544
387
849
1149
1392
564
1245
1317
1905
309
696
303
2985
1632
471
546
1161
1338
1518
1197
1617
1206
3021
2190
282
339
165
312
1167
1110
1224
795
2466
2625
1755
693
1680
1002
834
1059
414
2040
696
579
426
633
1296
822
507
1176
60
1305
1218
540
1455
597
591
1314
1326
1215
246
213
480
1839
1641
858
1920
303
1347
1026
1221
381
210
1206
2232
741
312
717
2508
1512
738
609
585
558
1197
1371
804
2688
108
2295
1359
366
948
414
552
219
231
213
315
273
399
1497
1578
516
1632
1200
336
303
2598
1206
720
2073
1548
2877
333
1377
831
327
1326
3213
228
273
207
531
402
213
669
726
1107
4662
1806
2721
1137
3486
234
639
561
423
1209
951
420
1206
1008
5178
1590
714
393
6834
357
2400
234
711
705
243
588
1254
2988
816
612
216
207
201
606
345
216
369
945
450
819
438
2655
336
339
717
528
2097
1476
2541
1284
1911
5925
1746
2331
1806
1101
609
312
465
663
4005
1215
606
2997
1263
2634
1029
1023
3174
2241
1674
933
147
2022
573
435
1599
981
624
357
567
570
786
558
867
1893
1500
1470
1857
315
3783
774
1470
516
285
621
573
1494
1605
2061
303
2826
5091
858
657
1269
945
378
786
1422
2076
2097
2091
1938
1947
1137
243
972
1743
4098
5073
3672
2112
1725
468
1245
807
954
561
2037
207
3375
1965
345
726
486
936
2472
2100
1092
930
2259
369
237
2520
1074
834
330
387
408
1200
357
390
288
264
1713
633
2166
606
2493
1971
1503
1728
1713
576
408
201
1464
2679
2295
2547
1380
414
519
375
570
1557
678
375
978
2205
654
531
5574
1935
1278
720
603
510
627
1554
1968
513
276
3240
213
930
2757
1923
1077
915
663
612
603
636
636
804
597
855
858
1233
690
2766
1521
597
1236
831
1710
1203
1017
2922
282
1476
825
1326
357
1230
4113
615
216
324
1107
849
651
2649
1602
1596
3255
198
306
537
1062
1002
558
924
231
318
651
1782
687
738
1026
738
843
1311
1155
348
1062
846
360
942
4839
2115
1035
1125
2754
261
324
3624
3861
483
291
2682
798
444
2742
1632
2934
390
396
258
1494
2607
1209
411
501
255
2121
969
1479
2832
804
1914
1725
600
1701
927
564
1569
432
1596
2202
1707
1059
1494
963
2004
1638
1401
1977
1107
1350
474
1401
573
1314
1344
2055
2394
441
663
666
708
585
777
867
1302
1341
663
600
1077
219
1365
1362
693
717
1392
501
663
1002
1362
747
390
618
141
2088
702
2049
342
1959
2556
1461
759
1347
1782
2847
1410
438
348
1023
1026
432
369
1314
3024
2361
249
402
552
774
486
342
1536
990
2733
1515
804
1725
36
6258
1242
1086
633
2358
972
672
921
897
426
813
330
474
474
84
738
432
897
1104
327
177
453
1857
1608
969
750
2241
648
1080
198
369
57
1635
519
2115
618
1146
69
213
798
1500
474
1170
549
5073
462
1371
4755
2043
354
822
894
1374
1893
2157
1551
597
1836
141
798
852
1551
2649
1239
1854
2166
1524
1872
1563
1743
450
1128
765
1086
1059
2439
258
1680
306
1818
1185
1284
1752
258
2058
2595
702
1407
1071
1323
1917
1095
459
1326
1260
888
582
4134
1968
1302
2022
486
453
915
405
1203
1914
201
453
381
378
702
2013
393
3234
3786
1551
1632
1743
348
1227
1497
489
2811
2601
894
675
1305
408
405
408
1326
1302
522
705
1044
378
210
4230
792
300
1377
732
402
702
441
1419
633
2457
1617
1242
390
1500
1425
765
1743
510
1407
1500
714
1419
1278
414
1779
663
1509
561
789
1839
1251
1581
1005
1674
3975
1761
1002
2847
4437
1599
960
1683
477
540
378
1935
564
1389
468
366
2079
1512
1104
855
531
1053
1278
1371
1380
1266
402
1272
1896
1503
1332
2115
2610
3267
2913
1011
3057
1314
1224
5094
1179
348
1380
1767
2568
4041
489
906
1935
810
1221
1290
1062
1128
243
3336
1089
528
1458
777
1494
363
243
2241
633
1302
213
1272
813
2187
1434
1101
1026
423
300
1143
702
456
300
3753
1275
930
1401
222
1428
1233
1152
2757
633
1668
1611
1071
1431
2283
1140
1506
957
1500
1320
921
1287
789
339
1785
285
1983
2397
1791
606
555
429
1650
4041
1401
1188
273
279
483
864
405
870
2481
1284
582
2055
417
1086
558
2100
819
558
1119
1518
684
1095
1377
219
366
1179
2712
2712
522
1098
1143
1536
765
591
1224
1287
417
1803
1329
1206
786
558
1584
1401
1686
564
240
393
1131
315
1203
1734
1791
429
1329
312
1053
528
762
1014
1014
1983
546
438
1161
2010
3438
939
1734
1686
510
681
339
3852
1236
435
1956
2718
1869
717
1104
591
1080
684
750
6258
699
2103
4311
690
456
2013
1452
2181
2283
2592
1137
321
642
1197
1299
1677
771
546
1110
189
603
768
759
246
1155
2424
264
1692
1059
1041
1710
216
1209
930
540
1410
294
1569
873
771
4095
1488
945
1362
2775
1260
1470
1857
1041
1401
750
417
441
237
2634
375
1380
5853
537
1482
1302
2238
2052
1449
2403
1263
333
1095
603
564
945
5100
672
1791
2544
882
879
357
1068
1479
591
621
324
1077
915
468
525
546
2340
762
5085
2739
1569
1653
426
609
294
408
2670
2493
468
2331
1353
1248
1533
1248
681
1899
456
711
1188
465
1983
2316
1701
1686
2235
2193
609
843
231
441
1569
1872
1995
1251
1815
3093
1299
1512
2268
2481
708
1737
2952
1020
1755
777
591
7695
891
966
1554
279
1353
3330
867
606
3879
1269
747
1017
2418
2886
2868
1779
1131
2352
789
576
1932
1263
1575
1431
2535
810
1953
1035
714
129
1128
2298
393
1785
8280
1683
1137
423
717
717
900
483
1152
1212
648
1212
1581
936
1722
2490
678
780
879
678
1257
438
1479
663
1404
1065
657
564
939
4359
1758
2520
672
1398
378
525
1134
771
963
1494
1119
1146
1257
1128
1065
414
3330
657
1080
1623
507
1569
1203
366
3723
2397
768
708
2145
390
1068
267
654
576
786
972
3258
1854
1332
528
978
2223
1404
2262
1452
1581
2019
771
552
2691
795
1155
915
618
1143
240
1548
654
768
816
2628
951
1149
2082
2361
681
2745
1407
2430
285
1281
1863
1293
576
1107
1554
678
810
1404
576
987
1359
1542
942
2607
690
414
2046
3045
999
600
3117
2826
2430
2166
1431
5499
3057
2001
1308
747
234
1884
855
1473
588
1929
2400
792
375
2157
1128
1983
1725
2484
654
1380
2295
1296
414
963
1263
1071
438
3297
273
1926
1548
615
723
426
702
855
2109
429
1731
2595
1581
579
1038
1311
1479
2289
867
1881
780
1788
363
2391
750
3990
1335
2973
1011
1233
1545
10536
1740
1128
1449
2424
564
1563
1875
1773
2607
1368
2094
1233
1434
603
1722
699
375
711
567
1053
1338
4761
1548
1122
642
3129
1551
1269
309
1731
1479
999
1287
1428
1866
450
606
1242
1413
1692
978
513
1002
1362
1332
723
795
744
2559
1572
1110
1170
3444
1074
513
510
582
999
2703
633
402
1398
567
5508
2880
786
1245
813
312
2271
519
1023
1299
1728
1404
441
426
1374
1671
714
2727
648
750
447
903
1638
2289
1383
381
1380
1143
636
1359
1845
609
555
2319
1752
288
270
228
2130
4140
1101
1035
210
612
1902
2106
1059
2460
762
5376
1539
993
1281
801
1191
843
675
1404
2655
3279
2256
1488
642
948
1062
3024
1803
597
1719
3312
5601
1095
1014
1785
1692
1839
966
3672
2106
618
1641
768
480
657
2010
3555
1353
1026
960
1515
507
447
408
861
210
1179
591
927
885
960
147
420
1653
954
1359
1575
3015
1527
258
990
1254
1452
2625
612
888
1230
489
645
1134
879
1422
1524
5022
951
318
579
363
225
273
1068
501
432
3105
1041
1560
1062
846
672
843
2490
2610
3696
471
3708
444
357
1488
633
609
675
1428
2004
1602
852
1614
1056
3684
1476
1656
3234
1008
780
2649
579
444
1116
3918
414
2745
1419
1782
219
5361
1971
849
561
1266
234
555
2268
735
1020
7257
1014
1053
1095
1296
1677
393
1005
981
747
1209
1356
1479
1083
3960
1464
579
378
1422
1692
525
1644
525
3351
1122
1605
1188
1023
2349
1014
3519
852
2736
1416
2235
1044
957
447
897
912
1683
840
1233
1863
1791
1890
849
2157
2547
3222
1926
3009
552
1683
1227
234
2784
567
771
2748
5424
2154
5562
951
312
300
3462
576
792
1002
2421
966
183
534
396
1206
2493
4290
396
882
1146
564
4185
3657
2802
3420
1008
834
546
1665
2580
1335
1176
1377
1494
1053
489
741
729
1380
1218
156
906
255
1626
399
1053
1452
1245
1695
2541
1365
1191
1527
1491
1560
1008
201
1527
567
1527
2373
1590
1500
1365
1392
1728
2937
363
1911
5055
4764
936
318
2226
2730
2664
2883
1047
426
918
666
624
1269
957
648
339
267
723
1197
738
465
1809
2202
627
2115
3441
696
1059
264
546
3417
1896
1035
1872
1359
2481
720
414
825
417
2034
864
2229
459
2016
1443
1134
1164
333
657
1962
1719
1158
1710
1251
1293
591
408
270
3408
1692
666
1440
741
1449
1011
909
1407
1200
1230
576
1086
1185
1986
894
1152
909
2988
1209
1092
1287
2682
267
894
333
357
369
1206
876
321
849
663
642
1620
513
1671
1725
3102
198
7104
1065
441
2334
3255
981
906
561
957
3846
588
189
273
660
501
510
1230
1821
1047
972
891
1053
1992
261
705
984
594
150
402
174
354
375
2157
351
447
3090
1860
1473
246
507
270
939
204
1839
414
555
807
1344
951
2607
7968
2787
1263
1107
633
549
2007
1503
1563
984
717
1644
822
816
1119
1362
1002
408
1374
2187
252
816
1071
1374
399
906
660
1182
2304
897
1698
606
1431
1290
891
1050
1896
1752
1659
777
1065
705
801
1476
3261
2385
1389
1449
3477
3429
558
270
576
5397
300
1590
2451
579
849
825
555
840
843
1110
393
537
2688
1026
549
519
555
237
210
2538
1026
363
1404
1425
828
1881
546
1101
1326
1356
2838
1755
1638
318
294
2424
2544
1155
579
1341
1749
1608
570
429
1008
381
525
1683
987
753
1470
2841
861
1218
2349
66
1281
306
702
756
993
246
201
1056
2679
1410
1245
6033
2481
1359
1170
1161
1563
1023
1839
1740
357
1158
1956
1404
927
609
1719
1665
1098
339
330
312
816
3159
3315
7329
873
1131
4017
507
2070
1110
231
4566
471
279
390
1761
1386
261
1878
237
996
1272
936
942
567
1743
1827
1323
1107
1698
396
1845
252
216
510
702
690
1893
1878
561
1101
816
375
942
1164
1023
456
1521
1167
498
339
432
1758
528
222
432
522
999
1095
759
324
462
663
1863
4053
813
810
708
