1868
101
8176
244
657
1392
5211
273
1235
2112
1221
1338
72
686
955
31
337
1639
550
1438
1218
1470
965
651
2402
3001
2520
7109
4688
3306
1432
2833
8083
147
604
4377
1821
528
3574
3169
2012
2732
1735
5098
1143
3171
1573
682
1345
1899
651
377
526
990
3073
759
757
632
2101
1215
770
1817
3625
6444
1643
97
1179
712
5146
4309
1678
138
114
81
1205
1269
1024
3255
27
2532
1696
306
1996
61
290
13434
841
136
330
5630
392
4016
974
3111
2921
2777
51
24
717
5114
300
6345
39
3241
1543
249
1456
2567
2594
544
951
261
5163
6329
938
2734
377
1920
3431
1000
761
4199
849
3754
2075
253
288
691
419
2823
583
261
1890
202
2580
669
115
787
565
179
1065
769
203
615
617
919
1189
1161
1250
3921
312
266
487
735
503
287
102
157
239
1113
754
4340
1249
1682
905
1214
787
506
1306
1084
280
224
2116
276
755
3721
442
1743
642
2200
3890
504
560
30
399
576
246
3806
782
64
91
194
411
911
66
162
195
2393
1293
461
679
2200
532
2773
988
658
4421
1247
2986
2588
8611
627
702
2681
3413
1924
1605
1231
560
863
257
854
1238
794
354
1699
575
1852
3167
2297
1638
1651
2810
250
199
872
71
595
1092
1081
92
2234
1169
3664
254
1083
994
3139
262
953
157
6163
2536
378
219
1812
383
505
1812
1403
356
864
1754
642
64
2826
508
504
738
1194
709
533
2514
1163
415
829
109
572
758
501
2959
1939
922
296
1258
354
7191
1090
526
2479
551
7746
345
3786
954
3913
1174
165
3145
956
4358
302
502
1253
1645
1282
1966
2057
3379
161
952
59
1479
584
2264
538
873
736
4661
2272
131
2810
77
2388
2440
372
246
645
338
899
3497
2585
647
367
134
189
30
1302
48
88
1534
990
412
809
1089
546
306
287
543
1054
204
2061
1761
1521
416
3887
451
3228
3744
268
652
986
1049
589
1990
2707
2590
243
476
2294
749
577
121
1229
636
393
72
3225
954
1139
911
274
212
266
133
1118
607
3261
1031
469
769
306
604
1136
230
912
593
501
1174
963
165
488
284
539
510
3500
381
520
383
1487
739
525
1601
1189
393
289
238
2030
1573
819
267
1351
3975
226
580
286
609
781
422
1726
906
64
289
1458
165
2351
324
733
171
2114
122
1426
1346
214
384
357
932
254
252
287
404
2628
96
1555
1269
578
825
2427
1434
2106
214
1095
2614
815
300
543
990
1784
1187
3227
2586
983
1068
727
3148
497
969
612
471
1596
1012
1036
722
1871
5800
513
755
1673
1037
3133
144
5676
682
1107
504
624
1277
438
897
1070
1173
1084
2266
1037
1129
1405
481
734
2213
382
1324
532
748
2280
1340
209
371
729
595
1302
485
294
642
746
213
993
1988
1162
388
224
500
448
692
987
246
278
1920
46
1594
2037
454
2428
871
2560
158
131
203
606
365
392
71
1803
1996
146
1065
1833
1333
914
376
2846
1212
1102
1396
61
2019
516
800
365
554
391
301
1219
581
374
1628
2368
250
442
539
282
109
2968
463
871
76
883
1798
950
945
467
819
860
2719
2423
916
10981
298
124
1908
801
163
229
183
1816
88
1459
860
1335
534
7427
1140
1332
252
6142
1971
779
1296
444
1853
2935
932
911
2586
444
519
420
2026
986
257
901
1467
637
372
220
50
117
608
86
237
207
1782
825
343
1890
267
611
320
1072
1410
454
563
911
348
747
1353
337
566
66
220
196
631
268
80
197
711
702
150
861
359
263
378
118
286
1391
963
680
150
38
122
99
685
316
266
40
117
1495
478
1200
1552
803
138
874
3359
1588
2724
2721
797
120
564
4853
1899
1833
305
202
1892
734
1683
659
557
234
120
2668
977
5244
151
796
6498
104
195
39
4916
2438
45
6611
2449
3791
4164
4115
316
2286
1592
2006
1867
828
1227
765
1180
6000
2066
5361
129
134
21
841
433
1083
1851
1176
1571
2176
43
172
182
50
1800
645
866
424
192
651
201
106
183
839
474
274
148
73
278
97
740
887
102
114
504
80
200
1141
617
2064
622
154
120
272
388
68
351
157
175
261
241
105
2333
1011
500
469
503
36
721
1217
151
1645
341
430
1295
761
176
1621
1898
2923
3367
1773
69
99
61
4948
126
3613
3892
1260
660
145
484
397
212
2427
961
100
2055
1197
136
1582
491
257
209
119
365
330
916
216
193
603
284
2164
638
1187
1843
1561
664
1455
1183
914
2117
877
1167
318
729
1765
796
263
2242
1250
56
41
743
860
1037
262
851
1625
1244
478
3149
74
1275
2543
1148
526
2621
193
650
224
2662
1331
870
543
325
731
1719
1213
798
293
1605
542
1285
1083
144
1728
162
138
2274
446
321
5209
3443
825
601
48
93
1228
1683
1091
729
178
1359
835
703
974
1024
233
936
162
1424
2711
1535
848
118
589
1594
222
3622
4059
120
399
2792
710
2698
3387
1287
1257
468
532
1141
707
662
1535
689
1157
820
584
1693
1752
629
2734
256
3205
304
242
120
263
691
1273
812
663
27
634
791
1978
932
198
189
840
939
1946
257
425
2121
723
1637
362
587
634
578
147
692
1065
3137
540
345
1159
478
2127
841
2035
322
911
137
573
301
1456
3490
39
1639
1021
1744
686
834
703
2337
500
306
538
1196
463
117
471
654
773
1853
827
357
236
168
823
547
2861
2598
336
959
2058
2323
1907
227
1132
299
468
435
57
237
1690
1182
3164
138
3928
1900
644
405
1116
268
453
231
423
390
618
277
1069
342
420
2782
1419
882
238
1184
935
354
458
98
634
987
459
525
1336
586
891
356
219
1011
1198
1375
2052
399
1146
445
742
1290
1851
2515
1614
211
302
1681
191
689
199
665
809
1417
896
3540
1218
1581
1391
2983
508
246
2347
1874
52
2270
552
587
1002
343
303
598
157
104
482
118
181
1510
1112
2049
1728
611
971
563
200
1247
1328
738
1321
265
305
582
805
303
807
137
762
2312
448
400
3938
518
3312
336
1079
623
842
903
1579
574
244
314
507
1362
238
372
478
4910
1840
342
411
849
787
768
393
987
1558
631
755
384
1852
1213
250
839
117
1064
952
82
191
2161
794
2124
2710
2081
151
1142
171
1531
613
1690
1312
305
280
372
1044
67
603
286
382
981
1137
748
768
601
2021
125
106
2394
320
531
1005
916
221
384
2885
795
34
325
459
88
2034
892
3784
610
2261
1815
790
1861
1573
503
318
4559
751
6747
1675
154
3061
103
2443
1199
38
156
1153
87
329
4618
1615
1381
1405
1670
200
2844
408
2957
7571
341
395
425
322
868
30
1137
507
5976
2785
824
472
1754
49
442
606
36
440
3739
408
296
693
213
841
382
274
427
1699
489
123
1254
305
530
2301
1920
994
928
1388
2767
2808
735
947
278
692
975
47
215
724
288
629
3311
2366
2584
1577
883
243
14195
3113
329
1112
2591
743
960
1697
2425
183
2803
110
2317
2401
577
1149
1269
5412
2134
2469
402
2567
570
2486
940
4765
373
138
1002
7644
1710
870
2208
1871
697
317
346
1430
807
788
485
228
163
170
955
1734
2621
1506
1402
1360
1266
577
237
464
307
945
888
966
179
1417
3595
541
5280
2281
2825
2141
506
492
477
1545
1857
845
158
2327
1066
1407
3100
568
1038
138
3126
1649
532
1447
1535
1467
2063
541
372
266
1540
955
1524
1315
166
1580
1454
3605
33
1212
280
304
686
4849
824
461
539
1576
1730
495
946
424
1476
1019
1362
1035
767
285
2625
464
1880
414
746
892
749
2288
191
1817
1662
1531
333
453
6582
4578
1396
1271
905
518
326
232
546
317
13880
300
976
1993
925
1338
1900
331
2458
3237
161
523
2811
1123
2168
219
2404
219
34
1133
1371
317
1275
139
577
229
2026
671
472
847
2167
2301
1359
184
3831
349
455
230
1528
931
1832
729
1452
1152
1356
1103
3102
685
1807
13032
713
8895
27
3816
1410
621
596
410
264
23
1829
1578
977
2536
11318
936
2217
308
1464
476
214
39
2744
96
51
1439
3038
5343
1904
1490
1305
6980
3871
4035
4053
2952
2079
921
4685
3322
220
1092
1620
116
1392
5083
2418
179
3687
1573
1239
833
1531
1290
2428
1144
527
339
1583
146
397
1859
288
186
2521
1013
1089
2260
183
2931
1412
3690
5309
6917
2256
1885
1361
218
11417
2911
136
6069
367
997
257
1021
2962
136
4389
6410
1912
294
453
195
105
198
1684
2021
751
339
5586
8582
2940
339
340
445
206
1753
2548
2285
3324
2283
1630
1334
241
517
344
593
3592
3721
9039
5907
879
136
5255
862
1601
1616
3379
1249
147
1078
4177
152
1602
237
4757
123
1030
5119
4580
908
2973
98
3248
78
2652
504
3504
288
180
3405
136
3446
4414
168
263
5565
375
93
1483
1008
609
1620
3234
1002
4467
186
1230
890
1095
585
372
263
1027
844
1548
935
574
539
2023
381
855
382
2089
742
1959
244
547
837
43
1665
859
1070
771
2
6674
2888
303
36
101
138
262
2609
172
69
209
611
1298
413
900
1219
1680
4228
550
1704
643
27
1143
106
2426
857
1176
586
266
1016
538
1055
1565
2101
2231
1735
1990
2896
1805
1284
641
174
890
1448
918
668
1542
3294
270
2292
116
525
939
1095
151
1031
1436
1667
422
3637
745
1715
360
966
249
2331
1278
340
837
7487
24
2361
2871
135
12473
197
2387
3401
75
36
36
530
78
46
3456
637
3083
109
70
186
459
1560
150
1531
783
27
168
4955
3238
1462
114
81
117
88
2395
7681
204
27
813
697
82
3980
66
447
523
887
660
3210
3156
263
970
3174
2189
30
4737
387
138
468
69
51
282
558
5641
335
2010
176
1225
82
1192
109
85
179
104
1611
1572
959
959
243
1489
82
1860
821
2756
51
64
729
368
2923
182
539
2304
335
1546
472
2412
737
1762
543
418
409
3103
1579
896
115
813
155
633
1513
3467
838
1304
960
1875
3549
54
510
220
513
743
3691
471
27
2604
120
255
48
926
1634
901
836
315
1762
540
3062
333
779
2637
2336
4533
1717
845
2107
3969
4081
78
3691
27
27
737
311
308
1428
669
319
48
397
218
1604
93
171
1505
5790
4746
1304
6911
329
136
11538
939
524
2914
3628
2114
37
4136
396
3635
580
2344
2051
2154
733
953
21
1859
995
1886
2623
1542
524
1189
1464
1952
5307
2159
100
150
1270
58
865
1014
2105
503
795
89
766
550
685
1764
284
1356
2259
809
707
876
1611
1521
244
855
1139
410
1925
1684
5164
576
275
919
511
2140
1961
821
322
415
607
312
733
456
1528
1381
2903
238
243
960
185
1884
564
21
411
2693
943
3227
749
2652
3038
1971
428
5547
294
738
291
2816
2499
569
400
526
661
477
425
92
1350
24
3176
1465
298
2137
2152
40
265
1591
498
1231
763
1103
426
642
237
445
609
3364
1041
589
155
774
486
498
844
536
2956
301
1451
256
2790
328
746
1059
2003
2499
145
371
3592
1674
1391
1320
258
1117
1002
4897
1616
722
650
473
372
680
878
646
395
1171
1859
757
3086
1163
1662
67
1027
2464
1000
495
3041
210
790
3062
255
587
1888
491
388
1473
1117
363
1225
1297
306
899
1257
421
432
647
287
946
248
326
926
388
1575
710
1746
1722
419
1727
1152
3990
2803
1664
626
1577
483
441
1040
369
4159
2884
470
976
1056
354
1020
747
497
195
2496
116
1645
1233
1303
858
2351
466
693
1739
928
916
1137
7284
1315
609
2539
2951
1246
3734
1607
1114
20
6631
3141
610
6352
3213
1054
1241
184
3704
656
123
654
714
3037
451
1139
509
240
404
200
288
499
535
1417
1507
1114
2046
4502
2393
1898
1970
588
163
44
1114
330
1130
1118
1264
1024
818
144
348
1134
802
571
138
72
665
2755
1212
701
170
1572
1124
1124
348
720
482
859
411
598
606
756
157
624
1018
2511
818
613
711
477
598
1609
997
450
432
121
1025
561
957
200
458
180
379
503
1277
373
303
722
835
2085
596
308
659
417
256
807
444
361
210
704
367
437
217
2282
558
445
1321
489
1510
515
239
256
246
93
587
47
29
48
797
497
1466
1425
247
109
79
143
1317
765
3835
72
334
87
839
139
123
2729
2981
504
585
57
177
907
2695
3459
5334
3921
8551
1365
8828
3296
7313
111
1841
3681
393
5326
6828
854
93
90
643
1073
110
321
2294
2509
1357
272
971
1142
1650
368
2082
507
684
578
2508
452
1007
477
511
666
832
1043
2061
958
2375
196
395
722
446
603
1530
546
437
1722
1712
1465
159
521
1203
137
612
673
2060
344
54
853
353
763
146
1439
777
731
717
561
645
1933
2376
405
915
450
509
946
133
629
894
931
902
2186
635
787
372
1471
3129
968
184
995
220
520
637
263
639
361
2052
468
393
193
483
1297
623
503
504
2223
2345
1046
1239
479
568
1264
687
430
12
658
1173
590
247
546
788
494
324
130
568
1602
1695
416
646
352
279
387
165
2654
803
814
1778
531
1226
5649
723
782
589
697
224
195
25
262
997
509
429
1880
2020
763
551
175
87
748
2998
2216
208
1650
1199
2005
454
111
470
2997
1228
2041
122
296
600
951
759
1510
347
1848
2225
136
404
612
311
741
2471
1670
903
832
512
1263
1038
717
543
11746
214
301
1144
905
1310
421
358
101
718
1914
435
195
1494
153
597
391
777
364
450
577
52
960
220
658
499
928
461
486
316
810
1191
108
1006
470
2574
2014
1823
1159
202
1254
457
304
1175
1676
776
304
864
1717
56
398
340
1156
1444
884
347
809
568
1509
612
121
2773
612
2841
895
2168
1416
117
1988
1302
2986
639
2562
2315
1004
916
1095
720
2331
800
585
39
469
53
2023
490
919
3565
1570
4788
722
1961
4818
372
2571
100
2322
160
1658
1300
3009
1050
2929
2153
2399
4051
696
490
2694
2429
1086
1958
3277
2097
341
685
1529
1455
1769
347
1572
729
1124
398
116
3021
1980
1277
33
1002
1503
3024
2915
737
2109
1055
1120
2867
1422
1669
165
2190
2567
1333
2747
543
3308
504
1374
572
1811
756
2154
746
1054
808
193
2501
1817
684
2705
1132
4815
658
528
1476
113
600
59
564
571
808
2541
1112
469
1100
707
1304
59
425
1185
366
2061
549
462
664
421
1146
2627
311
1086
2379
1579
91
414
1544
1463
969
37
408
335
1181
847
966
646
1717
1609
1028
1203
210
2138
3006
3484
1812
2924
335
152
1023
1039
173
965
2733
578
463
168
411
486
2465
814
973
2485
2193
1472
753
1899
1373
711
1594
990
1170
573
1880
3297
2228
723
1303
2742
959
3199
459
1644
122
2146
2319
1605
1991
441
913
399
5509
3782
480
2425
1054
1301
355
12
263
978
1074
541
1747
3249
213
2286
4995
83
7719
1147
2357
2041
1625
612
2693
25
2946
1009
521
4088
4102
447
227
1175
1511
1918
434
644
1015
562
2304
576
893
923
619
2103
1399
1740
1263
3349
2190
347
1550
1031
5202
953
368
2343
2015
5785
1328
2099
2686
3270
3047
425
4043
957
776
217
2323
3005
6568
3663
1908
203
1120
1575
795
144
123
884
809
6161
429
1258
591
2882
623
597
33
1694
5727
4706
442
2996
8721
54
451
1723
134
903
404
66
151
688
45
1131
45
936
423
1149
966
2312
3019
1791
47
4828
52
2872
1406
237
860
1125
961
926
169
917
846
508
664
60
1296
157
1869
3825
1165
375
1648
396
608
2006
2203
538
408
537
1136
1330
256
1174
2645
1706
1544
714
574
4730
2314
187
523
412
85
1149
621
230
1572
493
197
557
559
3134
1846
216
226
13
625
7365
1295
166
418
1165
1444
666
692
382
1071
1197
514
135
518
376
333
290
7515
2042
136
303
5375
267
4524
361
5347
1673
1656
475
1125
566
209
464
456
401
1205
7943
671
112
1138
1506
6712
582
294
3351
9970
1635
2148
6251
1601
841
248
476
642
3611
572
911
752
291
834
1040
1114
618
151
130
551
567
1834
328
1155
44
737
189
827
999
3093
4261
4376
1856
51
3776
909
2561
283
2602
1815
351
9427
9389
2385
207
495
2708
2180
289
1720
966
9583
7449
962
3972
2616
5530
5908
4765
799
529
647
2335
3050
4033
6080
2428
642
117
330
1713
3047
1815
1543
1286
5737
24
2182
5017
652
8901
2571
305
2373
82
1916
2381
4578
3542
1251
630
1365
1851
1553
61
3213
762
8374
1999
395
224
1049
646
2074
1433
573
1029
2040
122
1378
1170
939
1254
1359
1985
56
1090
3185
923
1254
1152
2044
3624
633
969
2339
1427
1142
533
2213
3047
7198
883
824
490
804
470
859
812
3511
285
789
4838
322
2185
4585
916
315
1117
580
330
653
1388
3289
333
981
3223
1228
1804
96
920
661
4342
1186
341
1162
499
1035
1697
298
671
104
898
1446
2893
1379
833
1932
1135
577
120
254
169
614
1223
1150
757
1014
4777
170
1188
322
639
5549
1544
12856
1602
1111
1066
185
728
537
531
854
2534
464
1785
1465
3823
1043
164
543
2899
423
603
767
2388
66
483
877
608
1246
2957
828
3028
893
211
2961
329
803
20
326
1347
525
627
1087
492
528
1464
740
629
39
330
1294
800
501
199
927
415
537
723
155
676
459
527
564
694
403
585
1850
1512
268
472
739
759
746
3454
364
1273
410
1056
1053
131
2031
81
2540
666
1101
3688
924
1899
113
239
600
1314
151
1100
321
1116
537
371
1113
525
437
432
376
1725
552
1440
649
2868
901
286
803
454
420
962
465
1437
223
975
889
2125
792
181
3856
410
1255
231
2077
132
2234
663
1339
2872
716
92
1128
224
738
328
921
1602
1012
1515
41
630
315
807
223
1230
123
1792
4334
119
2500
162
934
590
161
2054
1089
3035
1598
1016
1104
1677
2382
388
233
148
51
332
2071
3264
1210
3147
523
1269
1616
3079
2346
633
293
1241
279
110
495
2427
1543
11761
2815
2196
1042
622
1000
42
104
1600
307
292
1819
635
3279
529
21
83
36
176
24
1503
6899
674
2019
911
2415
728
600
515
666
65
1407
473
1086
249
478
378
1128
3015
1506
580
528
85
25
995
2326
2614
273
404
173
761
5488
3060
3059
3604
477
3559
1583
1439
858
142
51
72
1604
800
278
619
244
27
249
595
2371
3003
1468
9092
9011
204
2952
8984
2732
812
1885
240
1356
109
185
430
115
347
158
987
2285
1417
119
611
231
418
238
683
280
76
1081
871
646
871
2063
2147
1223
3099
119
544
36
59
833
494
616
1179
633
276
427
205
428
643
424
220
336
473
604
819
516
347
214
149
830
384
3107
1330
1141
372
169
725
360
1162
165
221
102
368
168
883
909
315
597
87
487
404
176
45
1119
1199
756
2371
1056
540
779
231
2716
1143
3807
65
3066
379
69
88
201
2322
797
849
625
457
305
3926
332
314
2062
282
1256
373
765
1437
3904
916
1081
541
1799
859
2715
2048
34
198
1087
2797
1319
590
499
626
1660
302
165
1820
134
193
324
310
354
107
170
255
306
931
1445
937
289
1215
525
1291
861
245
1081
94
470
682
27
780
350
148
266
1537
536
878
194
731
1650
396
599
124
190
3656
58
53
76
162
218
1500
682
431
78
61
477
570
599
617
42
210
582
153
28
265
309
123
252
267
77
123
59
230
214
102
812
537
762
275
564
170
289
208
337
92
192
845
388
367
844
315
296
95
251
227
336
80
1185
729
1401
217
825
302
495
253
36
174
89
44
269
477
506
247
463
370
356
56
3
109
602
725
114
148
276
230
141
87
195
286
124
456
2145
453
298
211
8
59
89
212
630
163
70
300
641
268
739
173
234
565
145
76
437
360
199
79
240
283
501
187
61
222
284
2267
165
163
171
105
513
101
76
79
73
194
265
260
485
452
248
279
246
133
373
191
29
548
486
524
569
32
359
852
207
459
135
219
361
157
543
148
85
44
191
681
176
200
199
31
115
1274
110
418
613
1718
64
134
69
88
80
180
114
254
491
831
201
436
255
522
65
610
320
1091
169
263
310
345
109
295
101
347
631
479
184
223
627
279
238
735
874
257
129
738
533
456
30
193
349
78
296
1046
290
1347
234
226
254
139
100
335
32
471
490
596
663
69
205
264
139
433
1170
246
235
481
304
111
127
279
144
422
24
161
571
619
336
155
92
52
194
242
356
92
113
122
158
263
216
359
985
906
130
186
1144
202
548
528
1353
67
195
1307
989
64
2268
136
69
499
385
36
500
239
309
1261
939
387
195
738
483
1503
598
621
115
376
218
826
365
336
315
470
94
155
36
141
1037
114
48
241
636
183
374
772
45
39
231
397
180
759
322
51
162
238
1291
246
114
142
454
626
423
104
138
366
116
259
267
168
201
378
34
130
479
527
231
129
644
1396
65
346
37
95
141
1588
1221
131
558
286
326
103
584
264
338
592
446
208
134
581
244
101
847
230
167
145
309
220
651
230
510
594
1307
1066
2045
463
576
1335
132
709
143
152
407
248
150
837
108
142
148
402
748
137
180
283
548
1481
62
341
425
168
337
648
239
347
210
165
68
85
212
886
651
255
761
701
3280
593
181
84
119
89
577
123
118
65
178
214
553
871
783
605
94
641
367
634
519
1034
696
965
476
2299
345
807
257
177
488
643
223
147
64
120
36
121
107
229
23
465
2471
942
528
124
352
519
1323
1477
709
135
108
256
148
106
98
91
54
152
470
296
118
280
258
638
176
116
188
336
184
164
29
1167
90
395
854
245
483
552
169
360
462
158
161
203
243
28
219
106
80
174
684
564
298
392
431
1296
59
535
610
490
137
241
104
678
353
886
762
245
351
478
90
45
305
224
158
136
133
1082
435
68
106
441
82
106
119
505
904
259
1636
4158
804
132
260
104
120
163
451
66
44
128
105
77
88
1212
267
473
370
178
192
258
305
186
348
24
515
688
144
1111
1071
447
143
254
485
142
116
278
331
1082
207
565
725
241
482
389
111
673
726
90
261
282
254
408
444
446
966
577
672
294
134
247
873
1009
291
374
700
864
161
588
137
431
182
147
1534
646
1404
375
240
307
101
634
733
391
347
185
119
140
162
837
104
512
264
79
635
728
58
153
351
363
141
185
308
241
136
147
199
216
1733
1285
4252
355
1057
99
79
320
232
630
323
537
1868
1111
115
624
1971
1902
360
182
61
66
335
95
65
254
427
3139
83
816
187
483
422
78
300
92
276
183
89
174
1114
496
174
228
246
537
708
93
188
150
500
145
325
192
2393
246
1127
1120
219
491
742
998
599
1719
223
500
467
118
65
359
1568
143
197
410
540
297
453
85
139
265
270
535
594
264
607
145
215
119
174
178
241
526
133
640
389
329
218
1202
765
81
175
899
154
747
179
606
1068
351
158
258
111
146
127
222
133
397
519
1254
132
760
556
2479
910
198
10952
105
314
233
3040
939
136
852
24
69
4097
134
52
822
1157
1522
465
1149
2674
1312
219
91
93
253
428
66
341
660
174
373
2172
1093
1270
296
191
1166
431
176
745
655
315
544
1039
157
346
350
164
309
266
108
531
49
625
282
212
460
63
336
242
175
113
511
138
225
671
467
482
297
427
127
553
143
340
453
371
195
288
434
264
862
4471
1416
1548
231
1088
196
139
202
155
52
288
210
1599
225
163
390
245
393
505
21
236
259
229
408
455
255
1098
311
250
619
266
539
284
1449
441
696
675
280
462
483
578
114
2849
161
1128
674
40
49
984
751
849
89
438
187
693
105
177
485
33
496
484
72
875
520
232
784
133
2057
280
767
1733
3715
483
181
28
117
169
167
224
411
1557
662
2257
1735
1921
489
256
377
1231
531
217
3429
293
3008
280
264
674
304
254
91
109
2875
156
912
2220
536
878
1289
431
661
429
307
668
597
269
178
180
1019
195
243
13401
1087
415
451
1109
616
198
2192
500
432
98
1528
561
402
851
47
242
1384
202
1518
398
2481
778
57
440
1005
239
826
289
446
176
134
242
500
85
497
161
292
843
497
1283
1425
554
134
557
1118
161
767
960
67
182
37
87
535
1316
628
155
294
746
1122
864
2121
142
249
291
2078
749
834
1568
255
1879
568
1323
257
533
432
522
464
894
546
105
499
414
1043
3116
1334
1278
132
75
1531
191
214
2884
2008
3862
28
1832
3639
104
926
897
566
581
152
1251
758
647
76
137
215
311
723
688
486
461
814
508
586
1174
220
359
235
1080
420
327
2430
999
353
398
209
395
597
725
182
330
1274
2417
1513
152
719
1144
467
806
1423
390
719
19
309
1720
1891
462
13103
483
1396
293
461
1286
546
325
75
620
1467
216
290
788
538
395
965
865
1036
756
554
263
293
294
1996
235
6850
127
2839
138
33
972
70
465
1146
365
3214
329
136
3882
144
793
800
69
1742
288
146
523
3019
7292
483
1441
1863
224
2146
399
3264
1538
1909
1442
2318
2270
545
469
1732
1845
1661
5714
1092
87
1667
2093
28
5201
149
3507
244
316
2400
1148
121
947
3182
351
934
9691
1152
1456
411
796
437
1641
2608
342
1515
1012
174
46
324
2724
247
87
1013
1676
631
60
1334
379
223
25
1021
227
188
232
1167
4131
1049
781
2426
370
260
643
1441
299
1532
29
1173
1036
1119
524
2046
2982
93
714
278
228
674
495
1824
1208
819
620
79
548
984
1047
1311
842
381
940
1327
1143
386
1711
681
5550
6434
270
30
69
664
93
3352
141
122
81
296
904
27
99
33
143
625
1748
60
1231
709
102
3476
1221
1558
640
75
781
701
392
791
348
520
425
1397
940
323
23
805
509
303
157
343
487
2182
532
1120
1053
1327
461
389
31
468
451
174
783
752
935
339
4611
2433
2607
1669
943
896
3496
1036
969
1623
589
551
1394
373
1383
510
214
724
327
523
225
612
499
244
280
359
304
2758
978
4256
1624
585
1525
4829
927
1483
2200
428
1439
834
1690
33
1787
1309
284
456
2719
776
1128
499
4759
3230
879
772
370
486
720
210
2315
1702
609
2505
1194
1298
284
868
833
292
163
1667
323
1265
1521
276
103
2224
1587
582
462
431
1241
1534
170
314
298
384
3616
370
656
264
647
936
6491
567
23
1723
45
511
1462
609
5287
2324
66
1379
5274
1686
1506
577
1343
2982
852
188
144
166
2211
569
153
98
139
10269
931
4183
517
1473
693
4442
2736
1842
2350
433
1335
1454
2786
969
455
756
101
509
804
647
1096
431
1287
847
1342
389
1096
62
140
45
578
1119
266
927
1242
576
147
209
1221
429
41
1935
1254
142
454
3255
748
268
1562
1850
854
104
1926
168
274
113
54
157
10727
136
329
2877
555
125
859
409
579
783
750
1011
1954
2791
301
1231
1571
3502
3571
1762
335
5098
846
1565
2144
769
2352
1050
172
2841
303
679
1343
709
130
12634
1580
563
1795
1342
51
326
717
960
304
1269
422
590
1955
2894
2030
320
771
1131
1058
1111
4959
1499
828
1211
58
114
140
138
126
3003
183
2046
619
2779
767
534
1607
43
1687
2611
297
2249
938
450
4975
372
312
464
4306
688
1160
1782
3915
3973
1497
1259
6214
1110
329
210
13564
1180
324
934
632
73
578
950
455
921
365
637
671
1159
1163
1892
1655
1309
375
573
504
176
228
1471
373
2747
2644
1118
1147
3200
1792
1812
286
1858
523
1030
2935
469
122
439
372
1344
1595
3135
1419
1887
488
344
3148
14
750
727
998
25
1507
5
131
2410
766
763
1951
224
1018
522
829
635
1478
376
95
573
204
337
762
156
2032
923
211
1844
643
1600
339
87
2692
769
4146
503
139
2190
618
1356
1026
1973
1382
7014
1153
589
55
108
180
760
1716
2753
7347
6761
1265
1389
1063
3185
1161
251
1411
1524
337
120
514
931
3436
3826
1994
7398
150
1298
1100
81
30
185
156
3353
1723
291
6211
8116
3260
6015
3074
9302
1581
84
253
3560
117
427
542
772
786
7101
1448
187
2904
3192
228
2799
9601
51
366
4581
1402
2479
1984
170
1525
1207
38
2026
390
80
119
275
30
1678
428
831
2362
1905
585
1341
365
412
252
2136
891
866
302
322
1399
1579
618
679
922
1990
4635
918
1724
1450
1432
715
942
1590
2500
1145
2206
2718
1410
1068
1503
50
473
2141
337
1149
63
1756
355
880
1273
54
4520
2609
70
3367
2507
888
2017
2185
979
565
676
615
1697
1644
1259
609
577
737
1165
643
483
1533
2562
4499
502
773
1907
1826
7618
4593
3818
2026
802
5594
404
1399
842
5378
924
813
950
901
2146
815
2644
6911
1171
2285
1215
1417
34
1433
156
2315
670
3752
651
3815
1006
3033
2102
132
2050
3542
3620
1422
1191
400
340
524
1162
1171
192
23
2514
2125
122
842
70
907
1049
203
439
1193
2104
78
2570
1030
2407
547
125
3917
624
2351
2253
1092
368
688
314
406
752
1307
99
1917
1312
1758
226
21
2641
227
43
1354
2211
2153
3389
5254
106
892
143
1441
4156
161
1785
161
9436
6575
1069
1001
3258
2709
4992
763
3121
805
792
1914
2270
323
1895
2862
1428
200
370
400
1111
483
354
1307
3735
1312
1903
85
2975
4297
1547
484
805
3236
872
364
1806
6652
42
605
3297
11765
1078
955
93
1600
5581
2746
111
1310
1495
533
723
4219
1904
717
866
1739
854
5452
1116
996
710
1619
3299
2571
1123
1194
887
1491
2796
612
2406
2414
891
2615
1176
134
1911
738
547
1180
2758
2039
409
912
222
1108
1748
965
2058
552
670
2866
2891
2054
866
240
1386
1244
2964
3715
1153
2887
219
126
24
1435
57
1606
914
235
1470
778
1132
603
1176
771
878
1132
200
1273
1036
1009
668
743
5109
1523
315
1113
64
3339
433
588
530
878
1914
487
1562
971
643
1477
1781
1062
971
323
135
2224
306
1246
539
3081
11349
1882
1869
3416
1115
93
2039
777
1077
2061
187
1770
1286
598
205
132
1848
302
2166
206
433
454
2319
1696
230
1013
422
3329
2651
918
2098
1464
2019
1777
345
629
21
453
409
797
1027
3081
2581
1394
670
516
174
162
1982
1314
3842
955
465
2054
459
11
2058
1120
3201
1189
77
3338
224
2037
2503
937
1876
2142
706
276
465
175
983
1121
955
2277
702
431
1486
2668
1160
680
2890
430
849
503
557
201
1476
1892
2491
1672
1109
384
2141
980
316
1515
720
3086
438
528
486
529
1129
2295
1073
290
489
1438
3122
1108
1913
443
1682
63
314
760
1826
734
414
413
463
224
716
293
446
2799
79
1089
148
190
248
208
898
290
597
604
125
25
1042
1964
2837
551
2176
451
479
621
941
575
762
143
468
305
304
2766
3259
447
591
1067
374
1450
668
882
882
493
294
1317
984
684
247
341
737
867
882
235
1421
184
865
776
157
693
936
1402
7033
2210
28
629
9336
2587
671
2492
1182
72
165
478
362
1107
2388
190
1273
290
1633
667
208
1151
1544
472
1410
1346
4589
358
706
1102
1824
936
1166
1019
614
152
695
998
133
231
751
395
1357
432
556
1260
1486
569
777
1276
1089
2189
321
372
398
2195
605
2252
211
512
1703
76
113
766
666
1604
2778
661
2247
448
57
440
1140
2346
500
1260
2716
131
330
344
257
2362
208
372
509
258
816
526
2068
2069
347
409
290
337
303
815
438
515
529
87
150
973
1072
738
890
595
225
1356
309
804
1001
3316
508
694
170
964
1020
481
702
808
519
124
702
356
457
1500
1448
587
688
22
679
354
3502
941
777
367
545
1106
450
945
81
105
269
78
227
2345
3333
660
155
440
1817
29
143
1456
588
687
276
643
1205
451
1051
1696
2621
824
270
647
1137
84
970
217
246
158
1627
499
2608
664
1099
533
767
654
107
102
362
579
407
1703
447
1440
223
795
831
517
1631
427
184
496
895
254
304
212
184
132
157
2889
1132
635
591
1055
111
93
183
1158
990
511
290
1007
592
1136
304
54
259
270
798
369
226
868
567
389
150
335
552
1227
516
2546
273
302
149
442
209
543
167
943
146
814
1115
1228
682
341
2291
2803
728
448
653
1873
2239
684
3268
1286
392
527
1706
1877
181
195
493
524
383
2336
574
74
71
905
640
267
100
264
536
624
1941
1707
120
1623
394
1746
1089
1838
42
457
961
232
366
245
849
1088
577
282
349
2310
1232
351
598
291
432
803
871
1032
184
52
172
416
184
156
980
28
206
142
229
1568
1778
723
250
229
590
778
331
465
502
177
162
33
807
390
100
281
989
650
413
243
109
459
1183
54
159
304
216
261
650
1638
297
222
1647
1040
144
466
162
247
276
344
695
967
238
284
743
593
2829
46
70
113
264
432
448
263
656
93
52
60
548
184
259
59
412
610
863
919
233
596
172
598
565
261
365
200
1999
911
582
253
218
83
2075
125
879
697
117
558
267
235
235
328
316
111
86
1102
1100
1155
480
1453
521
1200
255
169
357
360
669
129
678
569
375
1247
553
648
757
356
78
63
631
832
197
698
282
107
926
318
615
1004
1437
357
1801
706
968
330
168
586
2033
797
462
638
253
301
211
173
409
1002
524
118
1243
831
263
1591
286
2091
673
235
513
330
808
198
547
324
174
1822
171
231
50
457
1443
222
38
248
1787
190
521
2325
657
1027
529
236
137
375
537
217
209
239
141
320
521
873
1288
699
506
3638
1092
387
141
191
491
376
277
154
219
454
1503
524
1263
1150
314
256
476
265
68
48
263
299
594
84
466
117
582
1887
589
98
188
1059
233
216
207
434
1428
748
555
307
1025
232
431
507
99
241
86
1138
1332
322
473
2058
337
31
227
805
5738
287
1246
3160
3634
1038
634
63
1046
288
158
261
284
60
1851
436
899
34
48
4
240
3008
239
710
6189
1107
57
2041
701
123
707
2219
117
717
1018
810
318
2652
395
818
44
153
1482
971
86
1273
2335
4415
1782
754
2800
1073
3469
3227
224
148
137
3576
1746
9766
2222
4305
96
1083
6999
911
268
1215
371
1487
1323
1195
1053
2176
3246
3196
173
621
214
2209
2063
570
38
286
1245
552
287
229
820
76
986
460
613
96
1992
704
392
162
337
259
352
146
210
1935
1787
2175
471
126
1296
943
1171
4055
671
1599
1510
1032
675
1784
3858
1211
515
1042
1955
380
415
454
705
662
787
795
219
1111
1393
189
228
451
943
804
464
131
156
935
1273
35
819
882
1971
173
295
237
417
835
4579
1699
803
97
333
190
650
2618
696
558
439
330
1193
1654
1077
4634
413
438
1620
2894
834
223
1783
1258
28
365
406
367
4449
257
2242
11531
340
997
101
186
83
563
576
1544
500
1199
343
1357
433
1012
981
1216
74
452
612
1026
1456
838
573
198
2902
499
1579
817
21
181
445
36
962
59
1810
790
239
1145
37
129
426
1426
620
1309
810
1656
158
555
551
605
1260
609
1316
1587
396
1307
970
517
12419
833
2046
49
1648
75
487
2075
2476
743
7189
315
608
351
705
727
2806
4249
493
1639
1110
21
371
1097
290
604
774
1008
429
2891
729
1781
318
362
1757
393
902
1612
2354
1928
1711
1549
2033
375
276
1242
1663
1506
844
1235
4386
190
77
1892
332
1266
870
499
1547
1531
183
6
398
481
1893
540
996
66
99
173
1642
2501
1228
387
1724
1057
268
2052
1031
131
761
630
775
520
1072
716
677
3293
153
1141
160
1792
243
2343
1419
1855
936
136
10923
833
4632
143
193
773
446
1446
605
1851
1547
1161
335
650
1802
969
6022
256
1702
2570
602
509
1771
1124
2459
2697
845
1211
426
52
1362
899
2307
1500
2263
302
1621
2140
699
644
1393
176
2254
283
1918
75
178
582
1028
26
1521
2791
274
636
615
685
476
1984
356
233
694
2709
1347
1290
946
944
157
1471
501
577
517
1437
3745
969
96
204
494
363
499
1590
556
919
378
732
908
4695
332
1866
1276
306
657
2406
1873
2284
2699
1520
152
128
3883
555
2633
2022
512
1402
3499
1930
359
590
1579
535
1452
2392
673
111
1746
1349
650
6029
8133
6617
3933
18808
300
955
4111
2025
2178
543
4596
1403
1019
470
5001
2538
1191
1691
734
307
1926
2800
917
581
2450
1266
134
305
556
207
6248
2078
5598
2041
258
638
1766
604
1667
1735
935
468
2330
600
3072
1612
1517
2949
4991
761
1077
641
1208
3561
527
258
499
80
110
4842
614
414
1109
2970
805
1189
556
1565
514
4396
1439
254
61
128
114
580
1756
938
2330
1598
1819
262
91
534
220
114
246
649
936
621
333
171
270
3165
1705
67
1087
8937
2136
5321
9036
1220
2504
414
813
3870
5710
635
1141
518
2940
6293
2162
2176
7300
3377
197
1618
390
355
4373
683
2319
3685
1360
1613
5361
1311
2427
2655
2573
1739
2276
1021
663
4203
1562
6733
2548
4120
1993
814
99
139
512
590
1751
1258
2313
6636
363
217
5784
1684
5088
2285
3588
203
1087
250
218
2409
239
3867
3082
2155
2766
1096
3098
1028
1148
1832
309
1334
567
475
506
3792
3167
7952
1890
5130
6013
2376
3357
556
1651
8518
3864
6028
14332
2559
5717
9016
2393
3543
1868
480
983
860
195
300
5278
3457
86
2179
4556
1008
59
1644
191
1726
3363
1265
2532
968
2427
567
1962
1314
365
513
1259
436
2253
965
832
1190
1580
2517
1627
892
2319
2367
2053
763
885
200
3797
197
986
303
40
1055
764
1570
451
2320
1405
126
2652
2835
1331
1078
1283
3029
2747
1956
386
2228
1906
1987
1023
3233
768
1406
2017
1415
609
2735
1167
2176
1708
1041
367
1208
895
1101
1753
1802
448
120
485
889
1435
394
811
1362
996
622
2157
360
1897
1710
543
498
4277
331
3844
539
1081
1433
6115
122
1510
1517
45
143
640
4141
319
1130
129
3052
1822
952
447
1937
1230
4547
1198
6278
705
1077
2214
1656
198
644
1194
1887
15091
136
937
3909
1078
1704
1759
260
664
834
791
301
3614
623
2741
718
973
3187
339
1452
21
571
1738
386
1726
3365
543
715
650
944
1358
763
1219
1690
214
1592
591
4306
2067
756
636
1127
1856
484
381
1316
653
204
612
421
1458
1101
1847
3002
385
1068
491
5749
1919
1002
852
1059
1176
358
1782
430
1765
1161
1219
3179
1163
504
2878
1061
1193
348
2202
515
1487
24
104
307
1345
819
1751
654
1770
434
285
64
843
1745
1345
1073
158
564
1311
409
244
238
243
530
196
4143
288
359
850
1055
395
187
332
1359
580
1288
1700
73
431
1142
737
770
264
1086
850
503
1343
1223
3289
382
242
198
960
2506
1868
172
1343
198
872
305
611
1349
724
644
1020
618
417
800
813
91
1312
241
354
4449
1103
1042
90
576
772
814
4481
1364
645
1884
2968
895
13
78
2054
371
3214
1342
1825
858
828
617
158
947
920
207
66
1650
2210
695
2140
1127
316
1172
1024
1136
1672
3332
795
841
221
306
457
137
872
2277
1100
2004
2618
1334
1025
113
172
2216
186
687
1395
1552
1376
356
1355
281
170
101
320
1590
1566
100
170
995
656
356
994
808
1210
823
332
871
569
531
243
732
201
363
570
1733
1023
318
253
2681
1488
1838
1975
4329
2142
769
63
433
4036
1314
630
3641
1130
2627
802
54
3688
375
5205
850
825
2521
292
5005
8359
1178
123
1978
3049
5590
1702
3102
2672
414
2265
85
631
747
239
1107
656
907
224
773
1119
1869
634
293
433
559
2708
1041
39
1046
117
4626
241
222
1156
152
2809
273
99
257
348
3368
5962
1691
6504
1342
3268
24
1104
9875
3269
2104
2275
85
631
303
29
1063
1229
1685
2127
990
1581
112
1084
1271
3022
495
1170
895
1317
528
310
444
762
273
1284
315
373
634
1582
433
329
247
220
756
840
567
614
1398
1039
989
1815
8
468
79
580
1867
1279
1130
782
213
4373
1673
2458
4433
1884
1109
5081
415
678
922
633
352
482
999
1076
624
2045
432
1092
159
217
335
94
861
1177
75
267
2077
655
549
192
1048
1287
150
1303
193
107
160
233
302
603
144
157
3190
1030
241
53
741
572
459
942
838
323
491
106
1665
2313
1570
420
932
834
452
2073
930
58
1816
718
1548
419
722
173
286
1335
780
1652
620
1009
375
169
1460
288
174
821
596
146
268
277
2136
522
60
204
180
243
253
232
512
326
5933
757
200
2324
2975
940
1565
605
1403
815
1631
739
1396
128
260
1727
777
1570
920
1691
542
740
2469
620
139
27
748
761
1390
386
176
617
783
204
1171
1419
5381
1366
312
527
7573
136
313
781
600
505
2881
173
432
1176
1036
235
1972
474
227
118
159
517
728
576
670
1330
995
1310
1082
438
69
1575
231
1315
303
1584
306
630
141
495
151
270
364
857
317
363
784
252
684
171
994
854
31
178
30
471
881
1646
191
1776
2326
178
1263
315
1234
5168
20
2069
564
3419
872
1423
6684
213
3297
1781
9237
1207
865
2845
629
1621
1050
2456
3059
1023
752
934
310
69
3151
3370
3586
2342
17
1489
548
2463
1117
1040
661
3186
1370
1134
676
284
685
1835
3659
1991
1229
637
624
2015
1703
1052
390
372
404
798
75
910
911
2160
4247
468
121
154
246
101
125
284
458
3679
2282
114
236
727
577
130
1433
3177
1237
353
413
1348
2559
462
385
127
2759
1219
1491
94
97
102
997
309
230
259
313
275
657
1180
1158
165
1566
154
1708
1249
191
274
196
457
48
1860
245
56
187
656
268
295
782
147
299
49
35
672
663
285
396
1183
2250
557
1702
294
941
103
411
820
1130
296
242
310
331
2689
152
1418
295
156
105
459
501
82
416
142
177
242
58
659
290
252
102
228
352
381
880
510
542
557
337
718
1300
486
260
474
201
565
23
60
70
131
124
471
141
27
297
715
410
387
219
253
1409
216
1598
678
68
884
918
563
1104
415
884
262
248
114
278
535
205
572
1456
168
170
754
251
352
11
1417
360
1639
214
583
705
67
109
185
109
102
524
185
89
90
70
317
48
297
69
72
110
26
81
251
480
320
934
767
817
295
361
93
370
1713
204
322
950
53
590
963
2423
241
72
149
48
36
21
54
1055
3477
7732
7722
324
81
261
27
31
1969
1288
325
214
2206
20
111
9406
9035
205
2975
2492
2169
1273
801
3543
717
2178
706
24
2123
2896
3598
2070
3007
639
1712
1119
1627
1076
1654
1363
2413
4457
1416
1439
2552
5220
5007
1988
2188
979
1138
2380
1699
8585
461
523
563
2890
365
524
1575
53
83
793
137
60
2384
1611
366
1247
1508
3776
236
176
1525
1927
227
2881
202
4150
881
2091
1805
3557
1093
652
337
1120
1618
1525
1805
334
716
341
389
1723
201
83
1587
887
502
1812
236
415
83
2213
3408
1103
814
1574
111
1037
1173
2384
1087
144
900
464
1567
8803
462
8760
5161
1283
1315
1951
2633
438
3086
7493
5196
1319
64
293
93
4210
186
4186
6521
3458
1877
4618
9071
3450
479
1517
1139
2717
694
1702
5344
2101
4665
634
3558
8745
634
4372
14892
326
150
363
5565
3481
1513
2293
2881
3160
721
113
115
106
87
261
218
1184
58
170
92
51
69
124
26
99
183
138
427
197
215
421
360
149
232
532
217
353
106
62
762
120
368
103
85
346
357
877
1001
152
101
2910
359
275
999
114
38
82
699
153
233
221
105
735
62
277
123
176
106
247
1009
692
329
991
328
302
640
297
102
87
82
162
262
990
291
163
1488
209
260
67
99
323
264
1043
445
344
261
385
135
178
199
622
410
364
507
133
364
33
513
230
291
597
494
73
108
1023
711
345
561
466
208
300
1855
254
364
238
128
149
112
194
134
24
112
780
181
324
404
1946
299
742
366
777
4323
329
1557
274
376
250
286
201
1022
254
451
27
132
250
131
22
137
894
183
50
90
281
247
215
144
216
94
122
282
152
95
206
580
80
511
264
306
2150
608
592
774
572
149
53
97
428
1070
486
86
149
67
798
556
745
2205
148
91
5978
259
379
220
163
114
181
165
915
887
321
379
255
181
621
1675
3878
1221
247
250
143
104
123
139
179
117
197
77
297
97
208
274
464
277
151
534
373
453
434
217
419
171
38
87
269
685
1100
560
165
460
1020
274
132
235
1633
534
1164
1692
370
1573
66
82
1459
738
1097
449
1865
118
163
1042
1073
692
496
704
1848
5286
414
159
174
764
1244
2015
88
665
361
283
142
299
382
582
246
230
483
310
1906
104
310
197
190
1423
813
494
1065
324
176
264
493
112
669
202
76
1103
143
368
147
330
671
79
328
274
653
135
296
59
148
625
297
128
748
153
212
259
482
32
653
202
129
477
586
625
711
1902
245
354
385
45
402
379
340
44
1102
311
93
404
506
824
931
168
101
82
1760
138
4983
215
926
209
1170
335
142
148
214
351
133
1007
187
1536
3384
94
1092
483
451
217
2220
377
2122
561
810
83
322
711
1648
187
107
2687
33
88
1187
1146
189
374
58
589
294
339
573
232
231
118
412
327
202
639
488
129
1123
493
831
774
323
1080
773
794
974
512
845
68
294
474
126
202
2633
909
355
286
60
1244
1762
537
89
1075
156
340
1343
154
104
192
1405
102
202
427
1470
142
105
481
484
107
1101
316
414
1567
638
949
167
332
538
340
282
347
743
629
208
66
99
224
128
155
1860
3565
387
249
3236
162
1211
2236
649
135
1190
346
426
1893
101
168
209
924
2679
174
146
221
613
331
382
950
1787
169
938
177
381
2672
309
84
487
92
3186
572
2247
553
157
471
2480
1821
1449
982
1008
200
699
1074
1070
24
770
581
400
123
44
225
53
560
111
145
1341
983
1083
2776
1636
785
658
2122
283
1592
2845
2374
154
240
1858
360
64
619
1273
995
130
1562
1090
684
1791
2533
1650
148
73
518
1199
654
1530
198
1070
452
1210
1982
2214
198
578
1216
1047
1202
463
170
77
125
1944
197
300
205
397
274
388
630
412
117
407
230
1286
469
364
917
1217
349
1405
915
2321
790
1191
981
75
171
569
738
1809
230
389
826
1555
1221
898
134
146
2567
1041
228
3552
208
547
1377
1007
670
411
591
44
127
61
1141
389
140
86
460
332
790
1440
971
1432
286
379
219
2121
1870
96
480
1701
223
109
719
558
118
83
352
899
348
1160
736
149
283
1197
686
50
1347
353
641
827
1073
270
280
170
1081
808
1007
209
116
845
408
472
229
485
151
496
552
487
1454
1299
359
3769
580
2012
346
410
1433
507
96
3053
4157
6849
1195
3609
405
414
3139
1742
628
1418
712
469
220
713
1098
2280
324
111
2058
352
950
1978
187
1934
2624
189
21
8414
568
589
217
174
93
113
438
1992
5589
837
799
131
674
1783
1113
1266
1022
1156
1684
806
262
151
458
1603
1391
298
194
722
461
1521
4310
3110
424
831
2326
524
1159
681
2732
1433
1
382
864
352
1027
87
286
239
260
141
50
2334
297
2464
870
2182
707
713
3329
407
666
250
1722
250
839
217
1715
208
691
359
652
1000
104
180
279
225
935
608
196
391
493
365
1537
884
373
1081
864
86
932
656
1122
1569
4427
431
2683
7388
2999
1121
329
292
10192
618
1199
1708
771
269
27
783
1738
604
1239
1036
1188
651
351
950
661
1841
1646
302
176
542
282
1817
464
137
300
1020
193
1927
511
651
30
2449
97
240
392
1715
2240
1508
930
1625
76
936
1084
1023
483
328
1657
3793
421
569
1062
2168
2669
221
754
324
89
548
728
867
288
962
579
3058
2173
1593
307
372
158
1897
402
153
261
489
1571
784
892
592
338
162
489
740
574
748
1111
1228
820
650
648
936
785
148
3677
3014
1777
1820
3119
2993
2240
1272
353
1136
1329
1185
348
1313
746
515
766
408
982
66
129
964
853
91
1255
1693
450
186
72
612
91
1256
1693
436
797
409
103
563
1028
1239
846
647
450
529
146
1342
969
1728
1265
883
752
509
525
260
878
169
650
194
1578
459
504
1944
776
1177
233
532
2671
2170
412
307
870
1367
354
530
528
943
502
762
99
180
1025
296
1246
770
1532
360
700
2033
403
203
313
182
1525
152
1917
443
585
189
107
101
443
1474
183
332
287
148
1112
769
455
940
275
1693
503
1427
3775
510
2444
2477
261
2434
1035
598
195
3839
40
2095
1405
1628
1273
1955
1120
1883
2675
486
758
2517
952
1527
184
502
1126
256
245
759
854
136
1051
492
2079
401
457
2096
27
1014
607
991
2434
103
1899
10526
2255
44
1669
3876
1221
1234
1941
166
504
81
202
841
250
1741
782
657
57
293
428
1668
212
2929
2025
1530
1073
970
2435
613
3463
495
830
901
1523
3237
304
975
554
782
2393
3158
1759
1657
2678
1941
2544
1013
1017
2622
3073
36
4260
519
20
2013
653
291
764
2711
2434
1472
1386
4206
1300
605
1168
4519
3534
8884
42
1096
57
5034
709
762
1015
1213
12912
3801
861
1027
1546
4282
1972
34
2691
124
869
145
696
164
2530
1072
1531
2715
419
3140
1532
529
637
3629
2234
708
3467
458
757
1381
417
7092
5238
851
42
442
473
60
314
2494
3355
1732
660
1579
1117
7449
2181
4421
459
201
6082
1200
2605
82
4539
163
106
3401
1853
3472
396
2381
598
1573
1540
2469
916
422
1593
1322
163
419
1659
1507
890
1244
668
2639
2798
1413
1337
50
1191
1086
118
1587
23
819
735
2022
2218
1545
1126
2535
112
114
4926
1004
1403
917
563
171
2313
1631
647
209
1524
360
1431
2695
1151
5240
739
281
334
2451
6945
1349
603
517
271
4157
1633
1483
2196
3333
3212
2760
3972
1058
1677
147
820
2078
21
1965
1629
296
1083
5483
882
1519
95
5784
3371
1580
943
479
76
3325
1531
1702
1972
6950
3132
4580
2176
371
1047
3093
1456
347
2508
725
849
3957
976
673
2001
510
2251
3091
1504
1973
874
346
996
3746
2959
4059
905
19
92
5694
1688
104
2400
416
1006
1314
1258
2284
1383
388
412
92
1052
4242
2934
108
6218
3871
4862
7535
3382
36
2418
1938
214
41
395
2117
1258
3033
1408
2538
1916
504
200
863
238
1961
4452
3191
1886
4099
4874
1753
5193
683
3613
305
3965
391
1674
937
2769
654
1837
1015
5715
1421
6341
2965
576
973
2627
3582
331
575
282
669
9397
382
2084
1830
2634
3825
4646
213
4804
171
666
27
2212
99
58
154
1134
545
503
7932
5148
4424
1615
676
1907
2807
7028
36
425
5856
596
1618
2946
131
3036
712
47
6
1851
2063
177
659
2574
4326
812
453
1314
1685
660
1271
1212
1845
1222
2162
5220
106
848
824
203
1680
1106
2313
8503
483
1911
496
203
3780
381
424
1389
112
328
382
914
46
240
1545
910
2050
740
229
310
539
2649
4125
34
504
1271
819
820
1061
529
843
248
1199
1922
2218
222
975
3204
2960
678
1983
871
280
351
205
348
389
1581
985
872
1363
612
2288
3563
1248
841
186
1283
470
280
468
190
167
627
48
343
1472
446
387
99
341
2036
1014
1717
1012
1086
90
155
878
3648
401
1758
153
1198
605
307
322
875
2953
959
943
4397
1912
2280
2500
1795
332
446
1517
1029
522
157
511
217
3748
1198
1010
360
1770
1898
798
2814
1055
523
1734
648
2543
562
106
2226
890
554
244
1911
565
687
41
728
222
1259
739
304
236
709
2673
244
1357
996
715
238
1354
3100
258
51
144
597
1324
527
988
853
1622
22
487
725
1618
1563
1681
2960
787
351
477
769
176
1186
5162
1469
4048
2456
469
3177
579
3010
271
339
840
1645
2975
760
565
1173
1432
343
297
803
348
411
871
327
1194
2719
715
1095
1338
426
257
438
651
472
451
992
799
796
431
1740
522
3134
326
763
211
425
266
416
981
624
501
1234
361
287
1461
167
1135
703
1873
656
323
515
320
734
1249
1150
602
616
395
2826
2363
1075
357
1264
281
564
2196
125
323
1082
872
312
1480
140
301
58
965
1046
832
96
572
867
2203
1039
286
668
56
2612
669
620
509
464
189
1573
677
219
471
818
196
487
280
1286
245
137
2396
1100
1302
3416
957
812
981
118
483
178
239
1989
1152
1493
1429
138
660
653
198
1014
76
1076
968
662
5197
1052
2042
5566
1003
781
97
325
169
144
260
980
1212
324
729
1494
845
847
783
228
1514
1353
1186
136
1166
195
310
730
215
169
614
663
703
1799
526
515
1426
139
1515
1882
833
227
64
731
512
2350
128
406
459
65
1587
2904
2182
2542
1628
893
186
460
597
324
179
1363
2070
301
268
1453
442
237
712
205
630
168
270
1064
201
168
412
1901
1296
905
1283
1763
108
542
378
456
1794
1254
295
258
778
424
2029
657
823
1186
940
1584
759
719
1380
275
2976
861
1288
4406
736
556
804
97
342
1688
410
1355
473
1989
545
2717
232
1184
134
453
272
458
475
1451
466
1441
2046
243
929
1772
757
1907
1712
4780
1471
481
1745
1089
1300
281
240
300
198
570
186
605
1666
947
372
365
1595
39
2789
165
1629
357
247
130
744
470
163
5959
898
258
810
130
317
130
194
514
201
521
226
1357
1649
401
1168
108
94
243
2374
2597
1637
507
390
379
660
1591
1404
34
663
336
248
1053
1469
51
73
70
2477
1445
1258
932
885
159
195
1758
1196
2257
278
994
128
123
12
1232
1058
266
1004
1090
923
1665
655
2079
56
604
753
430
565
348
2486
1459
170
711
416
373
150
512
2163
1841
698
534
1281
506
681
373
157
313
874
1066
1003
238
542
173
450
159
162
46
2058
1540
1442
707
698
306
209
1593
324
85
562
535
3070
299
3665
1773
890
390
670
278
1735
488
14389
4903
27
3720
69
6900
2592
708
1660
8873
27
54
191
2421
329
136
6252
175
81
48
158
182
53
3640
943
136
333
303
401
1936
3922
239
427
343
312
496
946
113
4997
68
60
78
2028
33
1490
308
1855
1000
453
348
161
1226
446
1048
299
806
260
590
241
607
2114
330
2025
1078
277
1340
631
87
3593
659
133
449
312
167
240
105
57
2132
660
1398
369
484
431
627
689
556
212
1271
239
841
845
139
69
265
483
1078
1420
569
366
2464
240
144
131
1445
164
502
283
1752
901
544
1143
447
278
551
438
577
458
537
33
34
1342
1896
378
2029
2416
2916
2363
2769
436
507
360
1824
814
1857
497
2230
994
1415
98
923
1447
390
990
294
1807
71
651
921
297
537
1179
282
339
213
651
633
185
1133
73
741
449
1165
595
604
959
253
2057
346
448
140
753
373
95
465
549
221
1744
326
303
512
3653
608
869
543
1171
167
1097
1108
326
743
208
378
284
1026
443
583
461
2409
587
101
2611
3392
5265
343
1065
1120
773
909
288
607
2180
407
77
592
410
229
87
794
2359
2928
2438
179
497
339
966
12143
277
155
165
193
520
140
202
588
541
595
123
1575
2792
522
1245
132
1854
603
1091
1446
838
1020
106
122
874
1648
1971
132
1276
338
90
453
1205
1158
425
1183
971
34
1000
1020
201
437
761
1047
360
180
154
405
169
1231
144
116
2108
2940
605
431
2182
740
977
327
724
827
2107
158
947
1067
499
870
298
339
486
1122
1116
994
1662
575
2302
650
149
1614
1138
99
2147
536
821
1261
848
620
261
130
4210
1646
1266
217
285
369
1105
409
855
331
163
1876
414
841
759
2028
165
269
642
2312
564
166
356
3093
1299
757
144
1022
203
1645
140
113
190
1258
1496
1941
2008
3866
195
454
867
823
802
637
1324
587
717
1896
55
2711
1359
302
1762
435
543
516
49
1024
1747
832
2963
500
342
1195
1337
910
942
730
2100
942
129
534
1402
863
1831
102
1439
836
47
378
668
373
538
357
1292
298
310
2856
188
1228
1492
521
612
226
434
1469
857
1462
2366
375
1355
1554
934
1918
240
1083
1357
876
569
1152
1498
611
1785
994
619
582
163
1087
745
482
985
764
2235
450
233
324
3761
1304
467
2019
1427
2623
3111
1769
1217
1760
1280
431
2300
773
1873
1498
49
890
544
2127
1590
2191
29
597
161
326
2017
81
1342
1597
2255
136
833
2369
125
226
868
329
457
1877
10205
72
316
12
331
1119
1426
226
125
168
757
224
158
28
34
7108
3459
13274
136
7543
652
930
639
5608
973
547
1946
5236
3051
625
674
2651
2060
988
1440
714
1514
693
516
1604
373
561
212
1516
2344
1329
334
540
1080
606
1255
1466
1627
1573
3647
487
3146
901
642
6045
1270
1909
1812
3003
721
435
2706
3138
745
875
1072
33
105
1513
720
3901
1305
96
396
1248
1198
710
1193
1272
210
713
670
740
764
2718
1154
1465
301
373
201
422
1044
819
785
386
838
1840
113
406
506
1251
265
163
291
1714
506
494
987
3071
802
4309
1187
1449
1647
573
1883
602
1271
2583
101
701
675
2326
1358
2597
1080
802
1848
463
1388
2432
404
300
1270
852
1170
659
1049
423
582
169
216
1549
680
64
1011
3265
1286
479
1600
464
712
1711
68
74
79
189
347
54
2186
84
171
668
875
5432
60
993
239
887
178
5535
2357
5205
188
3022
6245
3801
10103
99
78
2471
531
693
2244
3687
1232
1762
1949
945
339
268
5983
333
487
1260
527
830
727
682
887
1357
4129
670
1537
1204
1159
2307
313
1669
491
834
727
72
334
929
625
458
87
213
776
364
703
2158
756
721
777
60
1979
1132
1252
702
694
870
10354
2192
1042
1203
460
1638
92
571
2079
1236
1538
2720
320
574
824
670
2317
2292
62
974
1375
12
793
45
1839
11471
117
149
569
457
641
1371
1113
370
390
2853
2409
162
1446
2408
725
2585
1820
1591
1261
330
646
346
1540
3720
5096
1144
575
2464
925
1761
1190
1868
1110
66
1320
563
3638
2085
844
697
3457
1511
3377
3719
1611
423
2233
1116
378
1075
971
597
627
201
1749
661
1078
284
1123
321
2179
706
893
1228
1042
3045
896
1960
114
5786
4601
1621
1173
735
285
549
1251
325
2759
287
335
369
842
421
1646
1154
1192
2500
2877
814
6087
2013
267
1436
4612
184
1834
1021
3016
873
389
4364
1360
263
2993
562
1698
1188
192
823
97
415
525
49
390
892
2540
232
3331
313
1727
5464
391
988
4272
657
369
489
522
2475
16031
1515
733
87
262
1403
649
1653
1051
7221
3998
3889
3906
3491
1040
5619
843
300
2486
100
937
3354
274
751
1733
528
1332
1379
177
352
534
2346
491
147
391
145
1015
1761
3790
597
3001
282
955
1327
270
1549
801
956
92
1417
452
677
2137
3199
6098
91
368
3040
512
431
452
2510
4078
1058
295
6277
729
1476
547
248
1686
105
245
183
1434
3252
4843
188
1218
461
1028
310
2447
495
4198
6084
4957
879
1576
2673
1438
2760
5015
136
4432
5078
1789
1069
1680
1525
427
2299
1825
5457
621
2502
8674
3424
1528
1392
626
2494
475
2171
3235
1010
1723
225
1215
2500
4018
1206
2058
2515
4734
2598
3970
2699
1214
283
415
392
179
671
4403
1399
1257
227
1763
930
494
4315
2196
1569
2516
8045
105
7263
893
874
6
56
1201
12
823
77
692
1515
1896
756
345
593
1638
2056
766
538
273
551
1559
627
992
1500
686
1124
1429
645
1430
367
767
1470
1883
1604
686
1895
1328
3900
3286
4747
3745
2047
171
185
96
520
3260
2184
1335
4105
2229
427
2805
3297
1461
5372
777
3348
1354
142
1906
570
705
2072
996
2835
756
98
1291
401
2491
273
1282
1294
272
2104
527
539
1111
193
825
212
212
1685
129
541
1143
1167
584
3807
257
1139
1096
538
2088
260
404
1661
3592
521
563
249
186
1968
1093
1273
485
1262
856
2700
1299
1578
504
364
2746
447
1646
424
828
44
262
343
87
392
487
2216
4190
3784
1587
3115
863
615
2357
110
138
1778
2473
2847
84
600
678
454
723
539
503
88
3079
1424
2083
2891
2140
1941
1501
258
848
806
306
1055
667
279
1193
2589
39
736
1546
282
154
1216
2060
619
606
358
551
425
1791
1110
220
2149
521
694
1104
1427
939
159
489
601
245
741
740
27
813
1056
1062
382
945
1026
1008
308
774
532
1358
349
1054
790
2111
1667
382
1083
774
1199
116
1004
659
1855
723
211
1380
37
774
212
712
866
361
689
350
753
1847
516
1488
220
1425
536
821
66
1035
578
167
623
875
1070
1215
1176
357
4296
660
1113
582
322
2239
1069
372
2518
942
234
209
423
156
835
129
607
138
3734
1443
2188
2291
1784
545
369
487
1058
1404
405
184
66
2130
994
48
3374
511
3007
876
11447
3856
2081
1952
339
1427
695
1120
3465
331
3387
947
209
184
1785
925
398
2634
2900
345
410
1075
122
210
212
340
153
861
2370
266
476
1241
706
1203
1782
2839
141
200
234
1921
806
1269
999
1422
358
1571
726
216
1811
1360
1213
425
613
461
1133
322
663
375
2781
387
713
240
1443
624
414
563
1875
840
2215
1463
757
753
1114
3046
425
997
705
1110
365
770
483
303
251
977
329
870
254
318
262
512
373
45
916
1310
682
264
1022
1018
791
2128
90
191
403
610
742
293
1410
976
26
794
370
442
1673
383
1515
295
364
270
125
3821
1820
2432
1911
1303
837
400
1933
947
363
665
342
1085
3250
1284
127
649
496
1217
623
3194
343
1544
657
555
153
1246
1089
311
1383
822
2490
723
1682
106
3193
2083
1360
777
2333
141
1488
2133
1305
1688
1109
2706
1387
212
4803
1607
2375
517
2717
435
3772
977
1359
2853
1957
1272
639
1775
113
683
1233
1514
151
482
379
205
1860
903
943
469
204
57
239
780
191
1146
317
811
907
1284
762
318
603
502
1000
65
676
318
456
131
500
1267
386
407
1815
243
562
399
222
795
338
259
317
160
195
31
2071
674
197
1438
1476
426
523
2641
337
169
1035
1109
1117
1652
533
331
514
1877
741
64
708
1477
1698
1965
132
574
857
597
245
1439
931
366
2993
1541
1370
2360
98
700
1089
351
162
163
1823
1161
145
42
368
114
706
173
691
421
597
275
491
147
444
377
4612
1296
1869
133
107
2151
598
202
1660
1134
553
1216
28
191
39
99
446
4856
1344
3189
3318
582
2054
7228
352
495
196
534
303
848
1988
2711
655
90
162
138
143
837
174
3048
391
2415
540
434
33
7349
4457
1325
1343
2447
3678
358
305
63
571
205
1916
1095
195
202
302
468
1433
1854
1653
678
658
486
1454
721
1560
1678
854
384
434
2740
1093
592
333
178
776
588
188
1483
57
508
2672
652
1140
983
223
402
56
913
1260
1740
832
83
744
386
651
733
737
270
346
34
1207
955
413
590
187
526
129
103
452
689
809
417
142
476
636
1709
1541
1544
974
880
1271
1719
1179
292
345
1707
329
314
1149
351
331
1362
2847
321
541
189
1231
850
440
352
316
329
630
69
393
250
359
685
358
137
240
185
314
339
791
819
282
2666
266
321
1369
2427
1341
385
124
82
393
588
134
1182
278
294
594
622
884
1776
238
2163
1599
956
366
960
118
1177
272
1786
2147
1395
385
1082
36
2033
583
411
777
649
20117
961
2178
208
439
609
1318
1663
2183
625
1203
356
1346
498
2373
761
13230
27
623
161
1113
1822
354
1184
1197
98
477
33
2182
823
54
809
568
1928
974
204
100
1772
603
137
302
1463
1297
3270
867
2826
279
288
2005
884
131
248
1188
1762
407
295
864
2108
1330
241
437
220
311
1158
1167
535
1793
156
448
1188
153
167
45
1727
1415
175
972
464
1334
339
70
1207
570
230
1669
670
637
1322
205
166
340
161
130
176
483
270
1281
657
3282
693
259
877
352
76
1549
512
365
1668
203
298
534
1372
2638
1276
96
124
350
55
840
412
689
83
595
3610
737
970
5612
1154
1090
536
605
2446
160
1188
256
1412
453
1156
731
1827
1569
2126
533
1843
900
1212
726
604
595
426
1102
462
473
281
611
399
1861
2073
275
1400
252
953
996
2170
1163
311
1592
192
121
1978
1241
341
539
2811
737
109
331
792
130
1437
82
380
147
467
454
1613
779
202
2663
230
947
314
1677
2127
842
1368
231
1975
1208
92
113
1759
738
4776
87
65
158
802
251
32
730
366
290
407
325
1086
1885
435
366
760
865
374
4290
545
3731
183
1201
263
500
2280
114
641
960
176
141
2053
333
572
2251
2516
93
5321
23
1138
951
36
135
85
1461
529
227
1317
317
1006
700
339
138
2388
211
303
1982
793
602
440
650
1007
338
114
40
327
1036
122
53
1206
1710
843
1019
815
923
1323
301
497
476
1111
2520
634
236
390
1188
272
130
1427
4245
92
523
190
125
1299
251
1270
1048
778
385
234
352
1056
196
214
829
3455
1002
926
361
1230
504
265
89
627
1133
1323
2520
259
659
409
153
1004
743
453
577
885
645
716
107
32
492
463
1115
1598
85
375
631
293
159
406
152
581
336
1265
208
104
277
818
363
424
563
304
206
1503
145
581
404
287
1325
1604
632
1802
125
152
265
151
449
372
622
122
589
339
647
478
173
80
450
173
155
2357
285
1828
625
2062
105
62
691
1395
473
318
136
270
655
946
899
915
99
219
367
171
796
2537
120
977
697
228
79
144
170
32
1220
453
172
492
160
170
51
1262
1290
459
203
189
930
812
1783
1743
712
1373
699
746
159
407
54
127
39
890
1018
1378
825
1220
400
739
506
407
443
176
187
89
267
174
2721
103
371
419
250
230
560
137
97
598
292
1404
875
531
252
488
255
2427
273
251
326
155
267
1029
177
244
1161
603
413
766
379
236
141
609
57
922
852
302
147
90
117
203
223
384
242
319
348
211
60
308
241
386
79
637
91
102
82
79
699
335
441
2164
1726
168
350
366
475
77
81
1192
157
322
528
243
142
141
351
323
150
230
351
127
491
508
250
426
125
406
244
915
708
207
446
648
229
291
378
165
107
162
347
93
173
100
253
2164
6942
616
1133
1114
1385
175
536
440
260
670
3531
968
1904
668
99
1409
329
417
529
75
107
1193
881
202
132
1448
1081
914
419
386
469
219
133
1476
399
393
706
152
761
382
202
241
407
174
1643
255
326
1607
1024
269
473
137
886
2161
313
219
362
358
48
124
846
452
831
157
766
635
656
277
302
187
944
217
587
905
1248
242
413
680
269
248
739
1342
357
323
456
204
530
448
254
180
627
645
1079
131
655
1110
1086
181
480
751
105
4120
93
24
81
1969
1262
284
431
1154
2544
2031
5860
1659
4204
2431
8961
36
12321
183
144
775
1377
1699
1847
1837
158
660
196
1627
405
50
726
556
215
330
676
1349
1423
1162
453
408
445
308
160
787
1994
52
284
156
594
1093
859
1973
146
284
752
414
863
651
300
245
960
409
741
1009
162
372
521
174
459
975
3026
230
1331
1217
553
336
1763
1402
911
719
95
444
1016
237
2129
310
126
237
249
279
968
224
540
245
253
693
209
336
1005
261
108
2048
714
724
1723
3107
2258
235
602
295
659
570
222
264
269
104
542
159
359
2101
120
34
1084
929
410
225
2291
833
1724
371
550
144
235
415
1004
363
1145
1923
457
61
379
177
308
1506
2136
238
168
135
117
133
269
1112
352
146
167
1473
520
288
153
435
98
480
561
1889
559
187
644
205
342
160
132
107
5967
746
231
363
267
351
1270
6287
2977
5969
189
5740
399
162
393
649
39
62
3123
70
3831
125
250
459
2318
246
1060
900
66
66
69
24
4734
3034
6693
135
90
471
2555
42
360
3104
439
1286
120
685
283
7694
8126
3703
2870
3000
590
134
260
672
7042
841
482
6055
1232
2361
3349
7667
455
9
1294
1968
42
744
54
285
63
30
267
686
521
6000
3627
1105
1692
24
33
1704
96
240
4818
1440
3418
3433
175
468
176
220
278
178
267
214
732
677
759
293
980
509
25
671
2000
991
1391
509
1426
319
521
30
2533
446
2753
252
84
3297
4040
79
2321
2016
827
2926
567
467
754
925
459
192
1558
2114
742
419
1484
4185
1425
452
471
854
2307
135
1399
725
1477
818
934
92
944
128
1745
381
1094
4064
709
2557
246
2771
877
2113
3628
765
213
468
2201
1068
1683
796
1475
235
605
1168
339
617
5040
1298
331
1150
2033
770
2504
1255
515
317
182
682
118
840
2050
396
262
109
128
1378
315
935
302
2752
87
679
599
907
1018
1726
191
249
3070
322
2639
525
26
200
2227
334
4133
2018
1154
2036
1833
3868
683
195
1125
544
157
1090
917
1531
1451
763
759
837
915
96
551
951
1547
401
3019
2327
7149
126
540
687
396
107
2661
741
602
1106
354
1110
207
2462
1298
796
1402
439
204
3318
1837
1004
386
2389
400
597
2753
2370
4743
1742
1319
2582
1176
1772
6858
72
46
1994
910
4826
236
91
9840
259
3083
535
1975
901
1835
1107
183
524
246
42
2534
30
255
3546
528
622
396
254
448
2481
4595
5654
843
4477
396
4293
4245
2285
5162
1359
1746
728
5151
112
1344
386
1855
36
4182
825
301
716
2489
756
1801
2531
2889
284
409
963
133
114
253
1180
436
2081
1032
1015
239
2082
2023
436
924
954
2764
2650
554
8629
192
3461
339
2603
1169
1851
5341
3279
2754
574
944
3606
590
2867
2423
3791
290
3292
921
607
611
726
637
1176
481
311
200
1082
1805
304
1230
847
703
572
2277
529
2393
712
785
1237
312
8676
1510
469
1955
3755
70
656
529
219
1253
316
864
975
85
426
479
1804
126
525
617
1301
2994
627
321
1174
185
1178
2012
184
424
82
439
373
1934
1006
327
904
1276
2874
688
699
434
1231
504
1791
475
706
293
479
272
3716
239
913
350
1011
224
1818
398
1662
439
2297
429
320
431
392
127
507
739
2512
290
720
3871
247
114
1169
194
184
864
1889
3234
790
1419
937
680
729
4815
1226
473
345
346
1113
408
59
311
71
6276
172
1201
763
1569
726
2269
304
569
851
4351
792
1385
1344
493
124
422
874
127
1281
1123
114
755
1200
1780
4296
3664
2978
1612
201
1721
121
845
1474
1155
1036
2540
1823
728
1152
201
810
134
1330
1960
1294
661
3809
1286
5185
1286
1218
4213
1190
437
619
3904
5561
851
1016
501
204
264
534
643
45
242
245
75
2094
356
2292
1382
240
114
422
653
4083
90
1450
6536
1963
90
1341
2000
407
174
121
272
1386
223
622
1082
1103
295
1635
2115
858
5046
324
1520
270
1971
387
1591
276
329
182
1421
4228
959
2229
1178
1455
1594
2172
1172
5638
5109
2129
769
1466
290
89
2221
1315
861
117
4109
5727
2674
3889
315
224
2372
6014
3131
1234
4051
2081
662
602
1688
887
92
633
1161
870
2011
1954
772
333
2685
561
4848
314
1104
58
511
583
3050
592
1273
1365
1855
2617
2606
1081
580
189
1108
3533
1665
1790
2668
5523
1510
207
48
294
1342
5582
1674
490
1310
2639
4734
697
577
1044
377
531
1287
1772
848
1755
252
1522
338
7303
7125
1411
2316
44
198
1514
5523
1759
2249
540
8341
6507
1213
3524
5193
2679
1893
365
242
3573
6095
132
171
1017
7697
4160
3881
3770
2994
1688
1001
3142
2096
732
5601
1572
2836
1352
9008
4217
574
706
7174
1870
4341
3578
776
1475
1304
1017
934
218
9194
6525
5447
2437
9319
284
175
1593
334
3472
3939
1307
537
3882
2449
3684
1315
303
3770
342
195
197
908
153
4707
3165
13
4519
2638
6446
400
3079
400
5812
2638
4638
33
4683
33
295
6150
2366
5719
186
732
3703
9685
1399
1900
188
128
42
156
136
942
4876
256
3144
305
3152
553
543
86
7269
5552
110
139
3596
1327
1335
139
1852
535
746
84
169
122
157
218
214
1529
563
1276
1501
2330
1132
5997
679
643
704
150
385
1439
708
71
2157
948
3204
1207
992
1676
1195
864
1082
1657
1856
638
571
1762
299
1088
543
2573
222
346
1111
738
3038
1686
1731
762
1078
317
187
67
1177
1512
1624
1014
1464
693
455
786
159
472
508
504
330
807
989
163
2291
2687
2181
2207
453
4724
136
10138
833
5252
504
48
287
405
33
171
1519
57
75
967
33
4538
344
361
541
1263
830
397
955
179
195
727
415
717
987
2518
617
69
727
3122
844
1889
2748
1042
2546
911
1025
1369
652
60
1089
6470
844
2312
1849
269
1212
292
322
1923
1041
212
167
4525
2726
618
704
1344
1033
384
3126
481
696
903
109
120
273
1064
3444
305
1133
734
178
1533
3188
899
2775
23
68
291
8395
129
144
3011
360
1078
635
71
3736
1233
3024
781
1324
3666
42
2976
2262
768
852
1210
1380
46
238
4700
1861
274
785
1875
1271
83
715
4104
1406
776
2869
2745
660
481
731
4078
1522
519
105
1370
974
2146
2871
752
2696
848
1759
3015
1192
961
1007
1581
2401
550
3107
2954
1510
223
1071
2779
3383
1089
40
170
3846
3018
109
2167
10274
719
1611
1838
129
126
4899
8546
1212
100
286
2345
3257
415
1908
660
696
40
633
5153
1745
2281
673
724
1026
253
1031
89
2812
1015
851
567
645
431
281
1790
1186
4085
127
1975
2165
978
208
826
1966
3418
74
1024
397
1158
1999
183
954
3131
2215
1463
243
911
720
1274
814
858
485
459
1172
2317
1829
464
320
337
4884
418
1340
1962
345
239
6823
3504
462
3605
3073
936
136
10728
197
879
3666
1558
61
5077
1606
87
1446
60
21
3392
138
9241
1825
353
906
681
1005
3082
4518
454
117
316
132
3486
5608
2268
1859
5818
9480
2926
469
1824
727
737
1104
513
3836
332
196
1381
227
1603
1386
1328
658
166
709
617
164
508
361
2278
474
4316
655
424
424
263
853
2603
215
475
1029
848
91
2033
261
3377
1309
2780
125
2467
1690
1410
2245
711
643
1543
1265
2429
370
829
62
596
1541
253
2355
1535
1002
751
421
744
1689
1219
318
2274
1253
355
533
27
135
2038
686
488
1237
835
556
463
310
310
835
80
571
739
2823
459
1087
1833
144
311
436
956
3725
5636
880
767
675
268
492
1262
568
538
98
5760
4553
457
1038
1425
120
756
651
1121
590
603
3122
12
1020
278
1041
1275
851
1207
866
1109
514
1720
80
1448
955
1788
30
552
1161
2473
177
556
1668
2508
606
283
1353
769
1268
839
498
1541
595
520
587
364
2259
2525
3038
580
1704
191
482
1351
1276
278
349
1230
581
1841
2533
2141
2330
1854
1714
1685
630
767
866
537
348
330
737
380
824
883
614
471
1331
361
87
5441
216
98
2520
379
865
952
506
507
886
133
131
733
827
364
271
2611
1476
3271
994
136
11080
589
6180
4829
187
6488
426
421
1048
330
1043
518
1199
1059
2057
330
664
4418
5207
39
538
1491
4121
905
3261
850
1317
1399
14861
331
1094
854
614
2070
1136
514
1076
1102
382
1188
465
3011
360
3138
827
340
2145
2310
1919
387
1176
417
200
500
729
455
348
661
637
211
370
227
450
306
447
266
294
1330
1721
425
398
703
353
1741
878
142
957
2328
486
238
264
722
2564
1924
1419
184
384
1563
464
526
1180
923
863
1224
1207
843
498
612
1024
7092
1027
78
397
445
24
75
511
126
117
333
185
4194
641
2272
1723
608
1102
1129
62
318
359
27
618
546
483
637
1698
306
381
105
618
1707
929
1245
1295
1041
1682
250
423
4448
520
1252
1769
765
998
422
523
686
372
497
243
1196
302
294
550
133
1597
777
1177
217
1027
47
774
1299
4469
674
843
87
84
480
887
2392
106
33
273
240
5949
91
913
1054
717
1968
7445
1518
670
4729
2737
3159
4590
395
339
2598
151
471
677
860
6211
274
530
285
612
855
3373
1704
2977
341
743
1147
262
1179
839
174
2392
5158
909
586
1107
1787
328
2481
1126
504
498
2607
1045
781
702
1331
1376
996
509
400
299
149
1814
1051
449
300
425
331
974
1613
1092
680
113
92
786
1015
809
337
1115
1360
326
761
67
897
332
332
957
1099
1275
592
511
157
789
77
4110
371
957
398
2156
921
74
937
1813
401
284
265
2132
429
323
920
420
4589
69
499
3865
44
80
29
66
160
476
69
466
638
3435
801
4362
5072
1011
7925
1482
1155
4338
451
2414
332
2007
529
657
1819
2051
427
383
170
785
2534
230
126
687
4295
6855
39
552
3985
471
2039
313
634
2657
45
3294
748
3035
263
1939
929
586
8830
3684
1956
503
7633
1318
1409
161
1481
5464
5656
2086
574
647
35
977
493
70
180
3818
890
3442
1561
581
110
1227
561
339
1604
1127
2074
107
1736
2385
34
832
173
2223
826
1495
1520
1370
1558
440
793
374
1366
1766
992
2769
1226
1275
3571
606
2470
41
2401
855
432
787
231
2805
6111
183
943
1393
3580
2159
571
2479
1224
299
422
4380
618
884
2865
1486
1100
111
2999
3392
2330
2256
2067
1694
154
2792
21
371
129
279
162
99
33
54
1336
1205
1550
4587
8246
1195
644
1063
362
30
303
210
626
2660
1889
1208
1583
276
258
968
1015
711
2529
2234
4618
2507
857
6917
4920
407
520
2338
2545
2390
1487
1307
1716
204
820
3744
1048
2169
1920
1715
1188
1083
508
190
867
597
937
1062
2110
548
236
111
347
1213
2188
4852
5921
1594
243
2224
1357
365
448
1324
1862
1222
983
1179
343
568
766
178
1326
323
1152
856
574
464
1091
727
749
454
415
95
492
520
417
928
139
164
4819
1395
1405
45
1231
2446
1302
15518
104
138
3228
252
6176
9434
484
216
716
1118
2536
63
2123
223
968
1463
1055
143
2570
866
447
281
642
1610
584
781
403
1924
1438
153
909
445
1209
973
118
17
7916
1368
1485
1106
3625
2910
14496
5050
3858
5223
3456
2729
3401
1234
1303
413
3041
1197
830
2013
2020
1864
783
1226
771
334
1508
3467
60
259
551
351
75
602
299
27
146
286
597
1403
40
285
2987
2178
27
36
156
473
930
1036
161
1384
278
3078
2001
730
1295
2549
226
1624
911
2646
1519
1047
346
657
215
384
171
114
942
416
1263
2904
136
812
900
2961
3070
1257
2458
1439
2735
985
341
5562
2115
6615
226
310
1624
30
263
340
352
62
926
1965
9471
4532
944
619
1421
958
213
48
1992
937
2898
2308
1542
7371
652
1504
1162
37
3228
1239
1543
432
488
1247
1015
3405
781
403
802
60
280
3364
633
2862
4055
752
2887
1423
588
1069
1050
60
2907
865
3498
365
998
562
1722
82
598
1186
799
2958
297
1869
756
657
1664
1252
147
499
366
1121
325
309
1984
198
1039
1059
711
141
477
1814
1010
150
829
2069
670
338
552
1227
168
237
245
420
1823
2402
168
1356
1381
1354
646
1137
1397
933
491
360
452
1064
1730
223
33
247
488
422
821
448
179
718
812
502
1851
1204
864
55
1679
2983
315
3277
1422
983
1139
1168
923
4464
1585
911
447
1929
418
474
745
405
504
439
104
217
168
493
144
139
83
153
326
10592
139
83
153
304
2954
312
516
459
1303
601
1502
1779
518
750
1878
2614
921
529
383
1012
2954
1259
116
784
1986
112
1243
424
89
111
210
184
1798
2691
320
476
534
226
993
718
731
2437
704
291
520
1785
1296
1233
4807
855
1379
650
2364
1675
526
2405
867
2834
3397
2675
1053
92
2343
2328
791
4343
315
4157
471
1718
124
167
193
114
1955
312
488
1702
732
833
93
33
467
1474
67
1274
517
717
118
2534
1113
2547
856
455
2087
2844
107
1181
448
536
974
687
2283
1256
1931
30
1618
296
379
1244
715
399
1343
751
1504
253
193
585
1177
1035
1264
2987
939
1032
816
1978
158
1062
104
910
2657
88
1871
63
224
792
1537
729
2051
608
2390
5438
1458
1432
1015
1612
1042
59
1419
351
475
36
1712
179
1920
440
1301
1648
2048
24
268
1063
750
45
360
683
4836
792
481
796
338
3549
662
1312
374
1259
4679
1253
3857
1152
656
3102
2307
9515
1308
635
450
462
133
2027
3651
241
485
1768
32
575
737
1600
1501
1693
6524
246
8662
4495
7276
4554
4630
3739
600
143
664
5980
218
866
2118
694
2176
1370
479
1517
2425
3465
260
3036
615
449
64
3222
2401
1810
884
5569
7901
861
97
402
279
4517
1991
57
116
48
1337
1698
15
127
556
703
482
716
1336
2869
1755
269
4686
2138
253
236
4212
310
3890
464
144
4886
8757
99
2787
4988
5574
1613
744
1259
4736
1685
66
1605
312
3671
1817
8004
4958
1607
2728
601
813
547
246
1337
126
359
6258
108
281
2360
1569
2452
1278
733
1049
1477
981
387
628
74
892
730
1471
1179
1728
291
3284
5003
2663
2601
909
198
342
1936
57
542
33
61
875
105
1400
911
197
342
10512
815
71
519
219
1199
497
4666
3730
4540
822
540
348
718
3224
3296
483
1160
1202
205
4412
6843
1486
286
1104
1247
1167
1332
1892
1287
1235
13071
20
733
262
1380
1746
715
273
1565
2721
1357
635
1404
2835
270
2822
277
2697
1657
473
1730
2533
1874
517
1225
1423
2308
929
69
3306
503
1359
2825
4178
519
799
404
73
257
1034
1343
460
3115
581
606
933
361
3164
1088
2028
4182
1889
992
1426
2217
129
777
52
63
3113
540
144
234
72
656
1089
884
11555
136
4874
1079
120
1741
1758
3737
422
449
3307
320
274
144
936
263
883
452
576
3743
547
2095
1764
379
534
592
66
217
1208
1693
267
1149
838
270
2809
1182
607
87
771
648
4138
2643
1085
2049
271
2334
2126
370
1336
877
1516
856
1939
158
1414
3595
597
915
3855
4169
1524
1491
1631
752
178
2112
7087
485
143
5923
4161
403
464
483
2429
612
1403
2771
1663
78
1541
1800
849
421
1041
493
701
1950
253
189
838
1326
1185
867
599
1690
1131
7455
603
696
3936
717
3374
966
909
218
779
1834
506
708
527
690
415
264
68
528
3169
554
1060
1028
766
33
183
131
973
805
2044
1493
1109
914
1646
1464
2429
632
2440
895
191
1785
1964
1414
1538
520
1267
1024
473
1295
3703
1361
1698
1260
851
320
202
379
645
770
457
38
1490
117
140
1804
435
132
503
116
79
2267
1108
1369
471
1324
2175
1539
344
320
2333
144
291
517
1720
1563
915
130
906
1003
263
911
1176
499
1024
88
148
557
267
275
1014
4463
1837
591
3777
353
1608
288
1675
824
30
1172
808
2169
2402
1263
254
172
889
1347
802
675
450
2829
909
249
127
561
856
321
28
736
55
339
116
84
654
470
628
311
123
252
823
597
3171
718
500
315
212
863
3351
318
553
99
969
2197
13714
1095
90
296
117
2102
51
1410
342
511
346
1508
1662
136
2201
3341
105
321
1024
785
993
1718
2298
786
840
804
420
878
876
135
435
2141
1013
677
87
229
63
401
3480
642
1410
83
253
1364
637
3059
4146
739
45
2924
37
544
257
2958
175
348
299
270
156
4371
189
255
1093
1028
1449
636
508
145
560
1028
687
1529
1173
360
619
1554
204
2075
542
729
1301
910
489
4390
1841
3713
1441
1089
208
1715
1055
3600
970
1287
616
630
326
774
1774
693
394
241
795
1891
745
1391
90
866
78
1265
627
303
931
1114
1251
1878
1355
1043
153
673
796
471
152
1051
3688
303
224
3343
78
359
673
1323
615
151
92
2399
1021
261
1593
401
679
72
424
995
502
1189
830
758
134
97
420
557
407
1229
157
1368
145
178
50
35
166
221
127
175
254
4061
503
97
1054
651
636
201
260
576
453
1166
232
387
1708
163
3300
48
1033
1868
2428
637
413
1350
401
529
1768
568
193
267
205
1302
1571
943
287
319
170
330
107
198
194
570
734
309
113
43
109
209
162
915
74
107
123
441
694
75
612
342
124
505
598
1625
44
319
123
155
705
2798
531
154
314
1484
1026
673
2512
1210
113
353
360
304
147
1882
218
340
126
789
475
410
94
488
1234
286
530
663
307
411
1398
590
596
571
144
251
1458
208
720
276
133
696
43
273
177
1175
374
1232
195
769
111
334
936
1733
322
1741
523
625
305
346
98
518
1742
278
343
709
1857
163
461
394
1239
1044
256
1190
1747
156
107
282
3503
3239
720
1462
1126
326
309
131
485
1284
268
737
555
299
119
140
123
771
490
1027
1465
1234
322
145
590
304
313
130
375
1300
276
156
188
1435
794
200
393
1747
172
713
482
931
1115
219
524
723
51
796
348
450
1127
745
323
1526
613
649
553
245
992
1845
612
929
1730
560
158
293
1894
336
203
147
359
910
386
191
83
1709
791
734
170
274
428
437
535
245
346
341
206
1151
356
593
70
1145
1264
44
562
362
92
781
858
1965
1154
644
568
57
76
597
903
327
1139
370
541
640
330
538
1101
930
134
1395
466
750
1419
958
69
81
400
677
1261
1775
393
1486
346
1109
305
191
253
232
2072
1495
223
140
565
187
355
344
282
201
320
239
392
228
474
353
450
803
609
45
246
600
465
2566
892
591
1451
1038
408
137
751
438
2968
978
650
461
221
204
592
335
188
315
248
198
231
156
288
882
110
126
273
571
272
811
148
83
556
682
275
48
268
1879
1744
4240
1689
255
185
244
426
717
220
49
456
79
108
154
98
147
137
347
62
51
124
6861
123
6658
2844
2407
2314
2025
4423
9436
809
6285
1988
743
6044
1652
546
614
105
1360
8335
132
92
3782
506
507
3036
75
4371
183
2522
4954
5266
69
264
144
36
1348
638
325
1456
2008
779
4510
165
673
481
336
605
322
249
3050
3788
276
110
103
163
525
261
351
177
333
451
702
80
4196
2092
99
3928
5242
177
1924
126
129
1012
8164
49
54
141
98
216
142
127
81
117
252
1538
243
83
90
655
415
96
910
912
200
73
70
42
113
1109
150
420
1030
674
1105
332
280
324
309
886
791
592
247
138
331
1554
103
442
557
636
779
447
403
368
1793
1165
485
631
354
262
642
1803
717
1232
1012
239
115
448
23
304
223
109
152
326
1224
1245
521
707
173
364
582
351
120
352
1218
527
186
1135
1117
447
651
593
524
866
700
2935
503
1946
2780
504
844
776
1101
211
1958
104
116
1683
719
349
323
1548
489
272
632
1320
575
1642
1178
1279
619
1092
352
1711
188
694
1211
463
268
1090
370
332
697
770
542
210
1257
740
1007
1502
1367
2942
147
1989
669
967
672
832
223
706
466
1155
166
784
1119
1194
405
211
92
405
3615
3483
174
182
549
625
531
297
177
575
968
506
998
2501
658
497
279
196
589
840
97
645
3088
372
462
356
899
267
149
335
605
96
1596
475
329
3615
55
893
379
366
329
1168
528
827
673
115
553
527
156
261
415
283
251
896
347
1561
271
7270
1113
201
6978
206
735
629
23
467
814
1642
1611
472
2323
230
75
1296
576
355
433
1131
333
1805
102
1439
2001
316
315
248
257
128
1089
361
75
268
2171
180
755
702
254
1113
515
211
1403
773
675
2399
42
2329
812
2735
1372
329
750
1112
1018
213
1355
1262
608
26
1015
451
894
1458
794
1485
1515
378
591
52
255
1200
1011
632
3342
634
151
416
1312
453
301
498
388
2031
598
692
849
817
1321
2731
145
209
345
798
1896
10709
1159
6669
2785
1438
136
865
3717
3149
2086
6994
1567
695
313
2269
893
223
780
1742
1223
786
5564
2139
1033
526
140
1462
121
1542
2755
2415
1723
1592
1667
5691
500
2913
1891
1301
400
258
1366
509
1945
4040
1793
1731
2366
161
633
3657
1114
2565
1945
665
1070
1245
2505
1008
3594
140
1411
2302
1000
129
1964
569
358
1132
429
328
1858
399
570
214
11831
214
531
436
1406
693
555
2445
3248
1484
1076
2103
1343
244
2337
267
525
3035
346
3055
683
4496
1988
3535
525
2128
622
246
231
835
786
2401
960
978
341
335
349
3333
86
289
1249
335
1629
1601
1131
1986
1491
498
404
981
1292
1064
624
1170
382
4675
301
1799
2182
235
4911
349
823
427
1714
2255
980
920
2338
762
285
173
3543
2229
1442
2783
312
656
3251
3961
554
563
995
329
935
2779
3539
1067
857
2091
262
733
10210
6216
3741
3670
3359
778
238
1133
245
1190
3796
5163
2015
804
495
1229
48
650
3395
3997
282
897
3244
2242
3828
724
4802
1210
2887
684
1568
1526
1152
1449
1681
771
883
832
731
484
404
332
2296
516
668
1033
609
1867
1500
926
38
1635
625
476
2383
1067
382
989
723
1274
459
3134
301
113
937
1349
846
1125
24
1328
204
2255
690
2636
2569
858
3086
44
1358
1318
617
4056
1703
1197
225
1416
1680
467
1185
638
1774
175
1068
633
1706
260
1113
273
510
1735
412
1716
1089
3574
4398
2167
96
2070
6800
1397
129
542
1010
48
2007
680
2061
5199
5486
990
26
765
6957
228
108
9091
5861
5330
813
2153
3592
657
302
261
1727
3961
845
506
3003
845
4737
2663
6904
6879
4970
5295
6838
197
373
712
3138
85
646
2848
842
97
95
651
8541
1356
1037
15
616
156
201
3219
1543
1614
1009
120
5033
1975
4844
4853
7474
170
2171
8897
1657
1943
90
205
1506
433
632
881
3788
2771
2144
4146
4226
4886
3372
521
6359
4362
1117
1174
1365
1182
523
2292
885
483
1966
66
525
2646
443
1306
560
1189
469
566
107
728
715
1386
2564
218
1125
218
11153
3804
8141
3758
1328
1527
170
180
89
1
707
1825
5276
2967
1915
983
663
1822
3282
6021
272
1472
5299
1274
662
1698
2491
5069
861
1357
4128
750
650
1673
2071
1006
5059
1329
2966
1253
2213
750
653
1362
2591
377
921
275
183
194
3038
147
362
5661
39
544
2761
482
848
319
988
981
2497
4631
75
4993
2281
3438
1561
930
4834
14079
1796
2253
1997
1419
697
1398
977
151
394
2764
940
1577
81
1926
2763
209
1582
401
2649
1928
3283
861
418
135
249
2974
2273
3526
1372
303
1315
288
1190
282
759
863
564
832
1295
300
863
640
1205
3527
2071
1480
594
553
1081
1297
822
567
177
1031
1645
2215
530
1095
530
1195
257
555
253
515
761
894
2526
1643
80
2701
498
799
2301
1155
642
1409
132
949
1330
925
1173
1316
311
1117
1169
4372
474
903
1211
146
71
1638
12609
526
656
1286
348
122
558
2755
615
1097
1072
507
362
30
1169
355
410
283
1727
3061
353
506
908
3233
2568
486
973
3647
627
772
559
284
1538
1120
2226
716
212
918
695
1918
13123
1880
190
1515
1272
499
532
417
273
439
633
1252
711
951
1231
352
2167
1344
1657
727
454
30
281
305
1222
1117
478
55
192
12627
739
2897
332
2603
571
2614
842
484
1854
1383
1729
1093
451
115
851
2403
630
1581
1232
3373
691
1618
406
2451
12
1430
1386
784
1907
293
1024
770
972
484
613
1131
441
1028
838
1602
1216
949
1028
910
227
224
380
333
1288
749
1307
290
804
2546
1189
1791
568
262
483
1480
391
2220
1809
600
918
2395
156
184
1620
1238
410
887
1480
478
379
5111
474
1097
650
2387
301
2096
3467
6555
1344
1655
2154
1575
1129
1842
791
2150
843
1369
1613
474
1147
2268
234
400
1148
724
1064
1317
1007
753
476
31
750
1058
338
600
419
245
728
1495
1414
481
59
1276
632
144
1711
418
112
4300
1612
578
674
68
513
411
425
777
313
154
55
558
612
28
5153
1890
586
1585
630
398
1158
180
896
614
321
320
433
1016
545
756
911
2361
1007
4942
3471
531
220
2246
163
178
3466
25
994
67
144
147
1646
460
206
1668
944
153
318
61
1465
713
2244
1245
538
3383
1385
775
851
971
279
93
88
581
1064
345
414
767
758
1659
1095
641
210
345
890
1182
766
189
582
698
226
1473
145
2605
1045
815
114
305
1032
1225
673
462
197
1437
2113
961
436
2665
766
222
438
2202
146
1963
1751
743
140
118
746
406
323
1125
428
361
89
1071
163
492
161
204
79
144
177
1416
1884
142
637
3081
326
475
900
1594
1823
70
205
2413
843
430
119
1082
496
731
726
152
3155
72
161
78
699
813
917
262
521
643
3225
863
330
329
3
873
211
669
753
323
306
301
300
176
415
130
302
2567
2894
1956
348
223
124
1257
36
96
217
483
1675
837
1897
234
255
499
194
24
1788
656
1731
609
291
760
215
239
387
41
590
547
790
259
871
268
592
1863
248
487
1998
1568
729
302
703
160
905
171
326
594
801
147
390
398
264
2736
710
722
188
2485
948
289
241
161
535
1526
152
25
54
1635
3783
1189
629
924
551
496
210
127
982
558
482
324
393
94
159
129
557
113
384
48
280
2206
259
596
259
477
246
99
47
112
225
4815
788
894
6207
498
1280
1580
403
104
1170
4199
92
202
1058
6417
434
106
303
2944
387
924
2677
537
243
7117
1125
6415
4885
1879
168
93
45
96
501
2320
774
660
2171
587
117
544
1452
27
177
860
2407
3150
138
180
217
169
176
186
77
60
117
45
132
301
663
288
248
248
215
117
104
200
197
1742
169
48
183
931
261
978
313
257
792
139
518
710
355
268
1119
165
194
220
190
481
894
407
218
62
181
122
176
311
160
444
231
610
343
204
561
182
308
134
626
203
660
121
471
331
540
396
602
322
140
250
51
169
198
1296
1281
204
41
116
1024
524
293
619
308
140
306
312
202
95
88
89
331
326
522
239
171
93
50
562
773
432
147
151
313
179
512
67
48
188
693
50
244
625
135
197
98
235
131
399
358
750
1127
458
1677
2024
254
1102
123
2310
94
534
889
787
361
136
128
115
630
405
150
657
195
208
234
303
191
1221
334
926
397
785
474
128
746
181
155
219
304
352
146
98
99
88
231
1151
1226
59
22
310
1827
3742
317
252
79
441
455
113
143
167
246
840
630
193
99
233
978
124
2499
1023
539
1261
93
609
546
297
104
431
112
126
346
87
852
2557
568
152
125
47
261
534
1331
481
1197
342
1609
237
162
156
86
161
137
1888
1113
1111
130
367
251
240
1547
83
200
563
217
342
2189
360
307
457
41
426
413
258
152
341
59
31
208
353
178
2319
236
542
157
245
99
75
477
713
1601
937
787
234
91
372
553
193
1022
338
63
427
449
233
119
698
1445
1091
172
104
286
421
462
600
2130
625
723
775
426
2033
192
946
424
2988
81
281
1718
578
140
1317
603
265
366
321
57
118
81
253
84
98
501
1021
1515
626
32
529
147
271
1259
1300
160
216
918
289
270
1681
1893
250
1205
2291
243
249
2341
163
1327
817
197
263
691
95
54
679
401
629
234
950
424
44
124
898
341
39
127
66
93
1309
320
104
442
2586
844
1029
723
4748
308
313
118
821
2481
214
195
163
181
218
170
69
1155
327
230
472
279
573
769
969
27
614
50
337
286
1890
774
2617
1583
216
195
850
243
271
77
26
1141
2159
1995
728
259
69
279
3360
2988
1610
249
568
688
374
1094
169
768
150
610
57
685
1101
214
339
361
221
213
384
343
216
90
96
847
2014
1341
196
177
2136
332
187
1335
930
276
131
219
444
338
932
831
334
112
98
155
343
1514
409
375
139
295
274
1765
100
1160
1164
109
772
56
693
270
286
221
1278
837
1290
1370
864
117
239
693
421
134
800
400
1996
748
436
385
83
28
44
355
2138
2423
404
153
1418
119
772
375
2866
350
148
1093
507
1297
3252
733
189
281
436
101
173
187
414
106
1720
568
289
197
275
183
52
562
783
1429
745
75
247
189
1797
1863
189
784
890
3510
4005
2748
306
490
460
313
617
1232
1025
43
399
782
80
407
2333
388
1133
18
908
1936
819
289
274
233
566
656
654
55
660
621
723
269
631
1932
158
954
753
1041
789
2137
451
615
1603
1365
5126
1364
742
682
946
556
753
253
776
494
363
63
1350
509
2107
285
469
575
826
263
51
102
783
3708
510
650
1144
263
100
655
700
595
1357
76
532
196
418
756
407
410
4010
284
205
133
252
2037
504
950
1129
418
469
873
463
1412
1378
278
2943
138
1651
1663
802
564
433
2031
416
134
418
851
900
648
253
612
2018
2831
2630
188
266
424
1167
2245
180
353
2010
736
1396
1960
557
1825
787
271
1890
80
48
393
459
1241
263
121
1422
874
138
1084
505
406
343
775
665
2150
414
329
169
639
752
164
116
693
370
123
739
445
1628
82
587
572
525
147
1023
280
3406
3325
2118
1374
1362
184
1268
375
390
457
1743
1241
520
154
225
466
13
850
489
486
385
1179
1823
793
2320
766
133
319
311
150
351
948
1195
2543
692
3046
1800
147
1796
1737
907
712
312
1530
84
1515
421
1253
872
256
10
335
730
871
602
813
2402
962
956
304
584
1118
200
1482
513
100
1936
1088
2741
1856
1853
506
179
3387
1988
272
1902
1820
1134
773
278
1280
661
628
954
354
961
149
1086
806
2355
1530
2106
1716
331
912
69
237
658
404
217
50
688
353
621
1450
2364
814
417
441
605
1941
340
2316
2940
266
526
5652
1307
482
1132
1296
711
622
1687
928
815
1281
133
1318
1327
1536
1004
3905
1587
659
1592
1363
1165
2109
1845
2615
1605
2178
2015
2368
472
726
850
2009
980
2122
769
218
353
1845
474
1542
742
1134
267
128
707
865
675
2336
2098
1822
817
1419
213
1018
724
1182
938
1285
600
1516
953
2929
3305
1518
814
1490
1499
302
1276
2133
602
958
2932
625
382
257
943
386
553
1634
652
4783
401
1786
554
84
36
242
1097
931
1607
292
197
348
792
1323
24
1735
1022
1616
25
707
465
275
947
1866
145
1058
427
404
620
1165
786
969
394
10974
586
5665
136
4097
6712
136
329
5327
5089
2315
2441
769
492
623
1901
240
609
811
345
397
402
710
2957
5122
7628
365
2855
572
5794
2392
2422
613
2979
745
965
1247
1476
1286
645
585
651
468
3156
165
2302
500
2507
1094
214
225
645
1845
241
3792
950
442
3201
1068
242
1589
1344
795
183
448
507
449
262
1216
711
1209
772
41
1582
846
71
342
1129
1093
1062
523
417
1050
683
536
175
1143
212
1165
1412
331
185
227
865
3966
1432
746
710
911
1231
1693
1369
3714
2584
273
1153
986
346
2306
4407
1409
255
211
490
265
814
684
539
660
997
5254
170
334
375
619
412
330
310
721
498
414
236
1781
1788
376
688
29
822
1459
549
2396
1359
1253
915
33
1712
629
1594
403
906
413
341
357
261
322
506
446
1329
1740
550
510
1648
578
280
1604
618
3819
524
3098
1545
2402
746
437
1040
640
865
127
623
762
779
1253
244
821
160
65
1334
1918
656
359
3320
2004
582
836
284
1460
535
1984
841
2193
1509
621
1130
923
225
2193
1821
200
1493
1792
1333
315
1419
1148
2196
290
156
724
712
2980
3980
1506
1801
1205
2654
1587
546
1264
908
424
1540
1129
2909
179
2053
1428
470
580
268
1898
1633
1507
1695
933
513
3160
1288
134
7448
2611
2454
363
930
1938
358
636
1168
1999
1330
971
765
1475
408
1942
305
12372
438
1869
353
361
239
19
1748
324
288
1844
2008
668
880
221
918
820
612
698
563
93
1109
773
393
569
511
501
334
323
588
1736
211
354
2522
2391
316
271
5428
760
2993
1412
1086
3355
2673
1257
5534
954
3923
1497
982
667
477
326
347
644
2494
1128
386
1812
206
1412
1279
828
1410
1049
843
670
992
6480
1065
1456
2794
1046
4368
559
8490
537
987
475
1277
6338
336
1019
461
3486
607
129
835
108
423
216
1118
5435
1017
317
3454
1407
1462
1398
396
3395
1148
6427
155
6832
931
51
1115
995
237
203
1154
203
1154
203
2305
2390
1743
595
731
1775
691
2100
1432
566
2163
569
496
3074
2949
224
610
100
423
1149
550
5869
352
385
768
1568
4866
127
251
1353
206
1296
957
1965
447
945
1553
4532
33
612
1118
2946
2565
5056
2958
1712
3303
1773
1524
3559
1381
1323
473
321
437
772
387
249
8536
808
1268
2004
8015
2056
1324
11023
492
509
404
1608
880
2262
52
1743
4244
1077
1675
3348
488
2069
1151
47
932
448
80
1159
1173
143
1076
573
512
196
939
596
1435
1185
1069
938
778
1643
1282
288
737
4435
4775
2034
8407
914
1329
770
1161
46
473
128
2307
1988
172
723
5890
1087
1762
3295
7608
2764
2946
611
3239
1703
2857
944
10850
994
136
1136
2723
4443
3063
8572
465
4572
136
3512
494
872
139
83
153
484
2209
974
2356
145
1636
75
2807
111
9148
7822
138
1756
1321
925
601
3379
5167
2973
597
2133
2686
745
338
1127
238
2780
1286
155
107
867
704
397
1422
1654
687
355
3912
395
937
325
7270
563
32
39
634
1291
1055
2241
940
1399
3482
3295
1517
3994
9038
602
5590
394
239
1068
1370
658
81
4746
33
911
4362
1907
3927
6273
11327
2961
459
104
6847
375
1624
1606
2839
2793
1512
316
682
287
613
1041
32
1608
4036
1998
114
11400
300
981
1836
456
486
824
648
605
4554
6702
2868
135
1097
778
3718
5698
1641
300
1825
456
1717
371
207
1425
912
149
813
1459
28
1320
610
64
515
1272
541
3548
364
29
4333
3218
3289
2692
601
27
6296
153
3418
420
24
197
914
2340
7365
3585
643
273
982
4569
1598
1395
3724
4062
2871
441
1746
1413
409
359
1111
2644
2331
277
223
221
300
1914
618
1341
606
1953
2689
470
775
398
657
1066
783
198
1007
216
423
156
835
129
210
1112
469
96
78
615
2952
1858
2347
539
322
931
602
1964
770
240
348
1152
281
171
887
1264
356
199
1122
633
830
119
626
185
764
774
1371
1203
536
1076
231
198
2832
574
680
111
622
1755
723
2712
549
139
996
837
778
981
2111
728
2085
1262
570
682
701
632
68
266
144
1688
842
827
1257
1042
133
173
77
84
715
305
534
223
352
861
281
254
343
312
240
284
123
60
76
3478
1105
1049
541
1234
1425
1937
1584
1121
1382
236
394
885
536
770
1445
681
1102
1209
982
1445
293
677
692
2846
704
71
395
423
317
526
1917
1763
226
1195
148
742
866
685
697
538
66
839
219
340
301
707
429
46
1308
580
1480
658
1512
835
244
4691
2992
1551
39
4524
156
2309
670
989
4689
138
2874
2557
1304
907
1919
369
136
3669
301
2620
5554
1211
2682
5911
1231
991
1133
692
1483
2627
1082
1071
222
156
296
2131
209
1509
204
1158
649
2107
1810
806
1059
1881
1360
248
1229
690
2946
110
610
250
36
1507
429
1667
1303
632
2560
249
542
2057
1199
215
1460
3523
563
1447
1875
1080
321
893
396
1146
135
1314
1542
688
854
1179
40
755
506
1760
2908
61
1853
1005
1407
1119
1373
2100
797
1235
260
2239
1601
1178
2682
299
423
307
1022
3461
721
2671
583
107
516
744
297
741
153
93
444
314
533
674
101
61
182
1134
1531
996
816
5774
1048
1316
1018
984
99
163
321
6835
1744
24
5894
513
126
140
66
151
3618
297
227
681
593
2913
3773
2016
6928
4367
1220
1062
2476
5174
1606
1420
174
99
135
290
2044
985
3503
911
5581
195
152
123
78
5253
4395
7172
277
501
423
255
441
168
1957
1597
1283
212
247
1080
786
298
150
135
908
610
894
605
293
494
76
1043
116
259
362
2299
2301
1579
803
1026
953
236
345
1820
2691
766
2006
523
226
222
277
923
2014
264
320
307
2524
183
1062
391
303
586
686
546
665
1124
1008
535
306
66
119
2308
2391
698
628
327
158
2318
2386
1148
558
310
66
293
562
2063
1973
1898
406
396
469
449
398
187
1798
754
4687
722
2316
725
2504
435
187
509
349
1965
262
44
102
309
453
1110
1094
713
344
63
439
607
287
319
364
954
251
269
53
1463
320
311
1167
223
824
328
157
2344
340
805
504
508
636
270
415
304
56
1325
27
1676
863
1438
221
126
92
1087
309
267
381
117
212
253
351
1085
200
340
405
142
513
1066
135
165
532
145
375
187
262
347
1311
160
204
929
2033
1057
987
471
1309
4003
2324
228
2721
210
648
1017
275
469
218
456
171
471
313
551
302
823
812
394
804
1099
1900
559
1309
368
1824
1289
1448
135
202
1756
115
1382
295
3104
374
461
161
2142
276
411
1260
1828
2442
3727
289
790
652
1250
1356
217
373
86
300
1095
189
90
709
857
474
595
264
395
439
577
229
977
269
712
160
277
1019
394
725
915
839
1147
407
1523
39
1189
352
32
597
154
228
111
1607
956
587
172
161
204
382
174
851
1426
472
59
158
567
588
491
1321
504
1474
464
225
133
143
233
269
1924
123
3810
415
368
89
434
2599
519
322
572
1249
164
1472
1161
411
367
703
437
1116
135
3220
341
443
234
194
1237
1037
2044
270
748
974
241
310
358
50
450
343
575
194
525
370
379
379
127
304
132
168
262
200
280
100
157
262
1429
540
1263
2006
453
42
41
1050
50
159
276
3261
170
1930
655
244
612
1552
643
888
1930
736
237
35
619
329
1064
135
326
533
173
168
1651
721
365
128
220
202
60
1025
121
115
557
515
118
97
68
417
755
166
366
205
223
237
297
558
933
92
319
386
491
97
607
65
495
210
429
348
1130
342
1024
335
162
1175
1233
626
263
178
351
168
40
161
860
419
90
251
170
277
342
137
271
801
306
126
127
597
67
496
389
79
97
500
1963
2130
552
57
2181
3664
1553
912
266
575
385
156
564
316
98
62
249
147
159
133
180
602
441
434
448
447
198
181
914
852
190
632
366
307
171
623
450
953
114
155
853
209
170
130
104
135
438
297
343
258
188
53
988
328
139
993
1316
612
319
294
284
459
2090
92
131
621
140
332
182
128
107
128
73
141
101
426
1176
127
485
524
328
230
445
201
98
117
705
224
67
509
433
116
238
164
164
120
259
166
295
311
245
117
108
777
708
546
480
390
484
401
309
610
570
115
375
243
469
228
1082
2195
29
41
182
251
132
209
311
917
710
105
113
275
202
376
101
250
265
187
176
538
579
239
174
86
298
2482
247
305
1454
203
441
97
330
346
243
734
146
283
237
182
170
1160
4424
545
1864
306
223
90
174
132
350
141
173
243
212
218
105
901
26
628
1041
389
273
1943
278
317
494
203
364
175
147
245
327
260
294
39
355
141
321
207
727
1681
378
394
221
212
2053
673
115
454
180
857
287
162
174
186
134
117
147
228
352
232
201
476
556
371
471
355
128
141
346
143
202
148
144
111
1577
125
1107
195
135
431
216
508
695
136
320
455
190
248
73
187
225
40
165
437
290
184
355
459
469
706
481
390
178
742
1046
694
507
627
138
204
517
218
221
905
3161
2057
594
831
285
972
297
958
616
767
783
122
3965
359
337
244
41
104
93
124
174
274
641
86
157
6275
248
433
421
603
344
256
384
342
251
482
622
479
1295
256
182
290
762
1719
491
400
227
1004
71
1357
292
1047
266
88
351
479
415
174
1138
1229
1395
217
81
53
170
723
1199
270
293
817
49
277
468
451
867
135
789
573
143
835
275
1099
416
988
110
711
518
710
169
1927
589
1372
83
1669
1430
242
331
435
148
276
1613
991
274
418
157
2276
449
1335
1336
830
694
1370
192
347
779
531
228
277
158
39
909
1522
374
155
174
34
366
788
1171
935
93
285
534
1209
773
1139
324
519
484
101
652
354
572
2307
507
250
427
250
457
211
158
84
458
199
190
874
360
1226
67
569
300
915
669
89
2002
5525
171
88
178
256
1780
315
310
341
1215
329
484
569
216
208
163
142
315
2684
282
423
1081
321
1464
336
2127
280
107
207
298
293
864
46
355
416
834
29
1716
57
2638
929
480
2708
3375
1877
1823
1267
1089
221
482
1882
428
1082
309
339
502
35
544
166
648
227
1325
1315
609
677
350
2129
542
126
581
651
987
247
881
6247
71
3482
1347
595
2087
458
456
340
443
715
1144
192
2389
1152
78
133
88
94
182
506
514
75
154
159
621
1678
227
281
1290
300
1643
2101
443
1038
457
848
347
290
1791
1104
1549
158
599
152
870
457
134
116
2996
985
159
446
579
533
2172
1108
217
207
233
224
116
226
564
1897
1165
642
3468
305
1474
927
4234
951
276
1681
241
615
81
559
136
1067
120
125
96
498
833
267
173
270
394
102
1389
768
1147
392
147
955
514
630
512
431
1273
626
283
269
2242
678
49
2417
228
269
619
523
161
1004
700
831
341
1289
367
1399
1067
553
94
1166
481
628
344
243
291
1706
205
151
779
52
620
821
916
177
2234
1051
245
143
309
1180
360
2067
813
1505
2503
785
778
493
617
156
1055
774
1486
266
1155
469
1146
982
1070
1342
194
110
538
2152
1050
1313
476
156
263
286
302
593
137
230
1929
231
324
908
1934
400
1447
109
609
1065
1206
992
2527
617
3311
248
42
65
5514
391
589
2166
108
1299
530
331
3414
341
1474
85
103
2321
537
97
451
74
1855
387
645
383
680
250
1262
746
171
135
494
666
586
1568
613
452
241
209
218
333
667
251
280
625
1388
272
261
2151
1119
984
1393
4371
842
128
479
854
645
2484
287
643
184
2139
226
1409
1489
155
410
829
675
342
235
25
77
1251
1652
820
406
342
2469
363
355
619
1814
496
464
123
782
591
918
135
917
1157
518
292
217
1218
728
374
1039
1546
1627
976
1218
564
440
117
290
943
762
315
142
892
1241
88
532
1176
1213
147
4210
911
1345
161
586
961
266
47
3255
1882
72
148
412
575
75
393
471
788
646
654
166
1147
1726
536
384
107
226
61
379
316
1092
407
137
502
167
913
814
650
135
368
553
1013
1072
2008
1729
1477
1579
315
455
692
135
643
1192
146
651
442
1794
2367
726
695
192
1314
1196
2338
2614
464
723
1625
667
295
1990
2275
259
3750
522
2626
163
1419
149
456
455
600
829
508
264
42
59
284
1100
276
3680
1527
3598
3475
309
3087
3232
1150
32
1860
4187
1331
1122
2874
772
840
857
916
449
3400
2329
1056
194
1029
600
1776
845
1389
1290
1396
385
1890
627
3097
2181
494
2505
3216
663
2837
1773
1394
1557
2386
443
436
1694
949
3761
34
882
1033
3546
657
99
350
38
418
