1029
1506
267
222
753
774
1203
810
1500
1584
2823
375
1632
1062
159
795
426
1101
570
615
1398
642
645
750
786
768
507
306
1398
300
1383
639
606
402
1584
3204
369
363
1230
1074
435
699
1017
1272
711
708
546
1575
2052
513
3474
3888
1461
708
579
453
768
1059
618
3399
1782
417
516
285
1701
630
348
222
1338
780
1143
1245
1650
438
1788
483
255
2481
2364
564
588
2052
1437
939
726
1824
1608
849
2355
2334
1035
420
807
837
216
279
3618
2130
663
423
633
1074
1332
756
972
717
300
456
1674
507
1839
2481
2736
4665
597
615
1626
3966
2754
1605
795
210
2367
909
1080
2121
318
645
687
429
774
855
765
564
1200
165
1116
1356
3414
951
591
1923
534
645
5973
1710
1494
2595
678
1062
915
711
516
978
1503
1926
636
1536
1032
504
459
2253
603
1398
987
7992
846
1293
1224
3186
2433
2322
267
1470
1446
1065
396
537
390
3681
2163
1998
540
495
462
3162
846
894
1167
936
1272
258
342
708
1602
990
324
1065
1635
1077
792
1110
486
1437
1740
3096
1107
1068
456
381
801
1011
1638
483
522
648
1560
2001
411
1575
177
369
930
2370
1638
1461
960
2643
687
1494
1764
651
675
684
780
447
1245
528
5901
309
1584
3132
2457
2943
837
726
2274
504
591
516
276
597
1530
5268
1167
621
615
573
948
681
696
777
1671
1755
3144
1035
570
2544
1182
2478
516
2172
2823
1167
1326
1809
3708
540
1935
2337
429
2715
1320
1296
2757
1095
1389
2622
750
2148
1980
405
255
489
558
612
804
1293
1260
1866
288
1353
1833
2562
2397
2631
3522
615
1986
2469
1398
1506
525
228
348
1659
3612
966
474
1509
900
357
1917
3018
2637
1764
672
708
390
468
1479
168
4605
954
471
612
1926
1923
222
645
1392
1737
1263
993
180
330
1023
2178
1446
285
1338
606
852
1416
2508
1446
1647
1638
1974
2049
2010
324
2052
1320
2883
1086
996
1809
1443
1584
1593
6639
456
504
1317
597
1200
1905
516
597
1182
1233
1593
1014
1527
1293
453
2625
2463
1815
984
372
1767
1302
1095
1515
1587
2898
399
429
465
627
225
2061
1926
1821
2466
1398
465
5571
666
1377
1620
345
1269
1461
1029
984
1044
6915
303
2241
888
5094
993
621
933
3015
714
5472
432
552
1113
1596
471
1431
1290
1128
474
3708
1140
933
2019
900
843
2157
1965
3543
3369
1386
597
1698
1542
2319
3624
507
1422
345
177
387
1830
237
300
237
870
261
840
1176
1134
1266
7902
600
1002
1074
1041
966
231
831
1080
960
804
543
837
495
471
3492
1386
735
261
3123
1131
888
768
1071
1035
777
1026
531
438
1917
747
426
363
330
261
1023
714
525
1056
1881
1056
444
630
1407
684
1065
825
1524
1032
642
561
1080
3468
1059
165
852
2154
1062
576
987
1107
1734
3105
1494
756
2358
1632
1470
864
1851
942
2616
675
1140
1866
1494
3519
1617
873
525
1335
183
1389
2184
582
771
696
1689
1182
1473
1503
1062
342
891
2010
1296
2316
987
1422
882
672
231
1959
696
1101
1179
1110
435
171
1302
1797
261
1107
1470
1245
1809
1731
1830
171
1806
498
1395
1392
1011
231
1344
636
594
450
1332
1332
1518
2595
4440
474
2181
564
231
1590
1674
1041
6120
1083
2448
1206
2364
1068
3930
639
2940
2016
1815
6471
1032
663
1476
792
3774
330
438
630
852
573
453
876
1134
1482
3855
1464
1173
1563
3636
993
1545
912
1599
1335
1038
1893
3504
1779
603
1218
1626
882
1266
1536
447
582
855
576
159
840
3759
1545
4146
1416
672
840
795
1083
372
729
372
990
1131
3126
1602
1023
1668
1161
1149
1593
2202
3762
1701
1617
1698
672
3498
210
1773
1620
597
321
582
1311
675
648
1005
306
4101
456
795
1266
1917
1764
837
1797
387
498
1611
1269
2898
1914
1038
1575
303
993
1821
2256
1092
867
1605
1803
1737
1785
3477
768
2028
1074
1089
1143
375
1152
2298
501
1035
2334
837
1548
1902
198
888
5034
1224
912
1317
1062
1221
801
1197
3525
1023
237
681
1095
1440
1251
2118
474
639
3492
2709
1857
924
3450
1245
2055
648
603
1017
2766
1341
1206
1422
1056
456
1653
2931
657
1950
1263
687
2352
2460
879
1047
483
1671
2310
288
288
381
645
954
3048
6570
873
1230
762
810
2823
2274
2610
819
4512
4449
453
90
432
3360
450
1962
333
978
1560
318
189
738
1941
1290
432
378
324
357
486
978
1959
4410
426
888
3150
4281
1887
2487
1038
1653
6690
3561
255
219
663
873
600
3357
6897
1671
999
1116
1500
753
1374
552
657
228
2286
738
3180
1509
417
690
1860
510
3195
2139
684
1287
1743
330
1692
678
969
255
636
876
2001
1158
1974
792
576
1218
1332
1347
1701
1191
1776
1653
807
273
1782
771
231
1545
1710
483
1032
891
339
546
546
2031
429
714
384
888
300
363
1368
396
1173
2514
588
3879
1968
549
1908
909
513
2769
2772
273
339
1467
2361
1110
1113
696
990
1887
405
4098
1875
1092
891
294
1218
492
168
348
1785
1554
687
2298
327
1218
423
1725
759
4191
2964
1035
216
456
1509
3237
678
1461
669
294
393
360
1275
1863
756
738
6333
951
873
1680
912
2862
1680
1944
3366
1269
1011
2190
1047
390
834
1146
1686
1374
486
2835
1527
5103
651
2361
744
1332
1224
1779
669
879
282
120
627
594
1125
1320
1566
1680
1002
975
978
570
927
162
1545
4245
216
1752
2979
204
1575
1809
429
5067
843
669
384
702
3051
768
978
2349
516
837
1119
1509
2547
321
1950
1476
1893
1509
177
1218
639
510
1788
1236
1932
1116
972
1494
1095
1590
957
1506
2904
609
1080
1458
1839
1089
1491
1800
1878
816
2613
696
495
654
2202
672
195
207
1056
2322
2751
1599
720
2130
672
510
1062
1089
600
957
1002
690
1716
1353
510
336
342
2574
1392
1308
1326
1164
594
312
210
276
960
684
1026
822
1146
309
408
537
195
2115
2475
2934
681
1128
1155
453
303
714
1155
3114
2130
1410
1761
1095
2001
1863
537
705
1149
1422
507
774
4968
1356
2181
507
294
693
1719
1827
231
960
2565
4608
2010
1545
1800
657
708
645
855
1143
420
1221
321
255
426
897
1134
441
477
564
1305
1662
1080
777
354
1179
1524
2379
687
759
1887
567
567
267
867
843
768
858
1197
849
3402
279
2214
864
804
543
1605
2037
3132
894
801
795
252
543
1065
756
726
1161
690
384
1530
1278
705
1356
222
1527
1596
879
657
1203
1083
210
678
690
1659
570
630
450
1182
1383
501
1089
2631
771
975
945
651
897
1314
2250
2757
2829
1833
885
423
765
1023
414
1185
417
1740
2007
1077
1089
642
612
1503
1206
153
1689
1140
918
1137
513
915
906
1932
2925
471
408
1392
870
1365
3963
378
756
714
612
411
450
1482
4095
2724
459
267
1464
678
690
1263
6990
2730
4065
621
399
219
357
1074
3999
2724
279
4581
1575
1644
882
1374
606
1092
882
273
489
1893
957
1011
591
1377
1803
3354
294
1620
237
1125
1659
159
156
603
852
456
1017
456
870
816
510
249
1623
1455
2373
870
561
675
2937
975
1698
963
1230
1158
684
621
3483
165
141
2922
603
1278
1209
1410
549
1149
1593
1437
285
213
1437
2307
1284
1293
600
912
1314
1614
942
1146
324
2823
489
1041
297
780
708
927
2187
492
2346
1680
255
555
912
2934
1500
351
435
1635
1803
396
489
1185
684
915
2646
5460
153
213
309
474
771
609
750
1302
3138
927
522
2730
2913
663
462
405
459
552
1611
255
747
1950
342
357
3897
2460
1962
243
1161
945
2298
1413
204
1356
2124
1581
1290
2352
567
5805
1500
228
1965
2430
1497
933
1566
1338
1254
1566
1287
2958
924
1542
720
1503
2889
960
855
378
2298
648
624
612
933
5697
4974
1809
1794
2094
1488
1617
687
1902
2004
957
156
795
4125
1374
1425
879
1476
2469
1245
1860
558
2271
1416
312
3471
1398
1836
3222
1614
2157
948
933
948
1800
1752
378
912
321
1329
2694
213
645
729
1104
627
2268
1041
783
4065
321
1701
4569
2403
204
3765
1296
1926
978
222
1434
1215
1329
3537
813
1398
807
2157
696
1770
462
456
423
375
1821
1485
1155
2361
270
1563
1593
1653
825
3990
1731
960
957
1797
1455
1389
1209
1428
477
4767
1857
858
2337
7191
2943
690
2124
258
2367
1731
6921
663
810
1422
2046
2430
3153
219
654
1041
219
1293
1491
3615
741
540
1293
216
2373
1197
1143
921
246
657
3111
1836
480
1668
2175
543
213
1683
1206
1248
1524
546
1275
519
243
213
1473
4236
333
702
333
411
1698
942
726
2619
2655
1266
282
1695
1407
969
1398
354
2358
1536
1530
1023
522
2991
780
372
2148
2517
276
3063
1047
2658
1821
1197
1389
663
1683
471
1305
657
588
1941
750
3501
1455
180
837
1155
1302
789
375
1332
1788
2256
1074
543
1146
2892
1488
804
777
1743
420
2181
1344
2343
1122
3186
1140
1947
1707
1938
1497
2892
1854
204
171
234
549
3645
1227
1437
1197
948
1647
1668
1869
1725
1260
3909
2109
2559
816
777
2775
1926
579
684
561
1041
363
3135
1353
243
1899
354
2796
1245
1572
1197
2187
1119
3189
1800
492
198
1338
1806
4311
1617
1806
999
672
1275
927
2889
1983
312
1932
909
498
2880
1602
1281
2043
2496
726
2307
2697
960
177
987
315
1725
579
3282
1026
1329
306
1170
705
1095
1158
1128
693
1776
939
1068
1428
801
876
927
1212
1590
4911
1254
2016
2154
1350
1350
1356
1422
1770
1401
585
213
4365
1755
4647
630
621
1044
498
1188
720
1806
549
4377
1047
2637
2547
1908
828
1818
489
1017
1371
1929
801
1365
822
249
633
1101
1767
2082
1047
351
354
1494
801
1038
1248
1161
1881
873
3963
2025
798
1059
339
1278
399
1506
639
1032
3144
1146
1893
2106
1761
834
186
513
1362
1086
1083
1293
1155
1365
678
414
1032
1422
555
732
1854
1008
846
213
1080
885
1578
1005
660
303
702
1506
315
1590
597
885
1047
3681
6210
3879
681
726
6774
1299
2892
1914
414
762
384
918
1917
1260
2793
258
171
492
648
1374
1218
1329
1344
768
1914
786
612
1929
243
1206
810
342
420
978
915
705
627
1179
1077
1521
588
279
288
879
1152
336
333
489
855
1338
1257
819
807
795
930
624
582
255
201
1491
558
2751
1083
1254
525
534
612
1170
585
990
5967
1179
3516
558
960
2445
1125
180
1536
243
3237
1767
996
1752
1539
1794
1734
1758
2217
192
1743
1359
3108
1761
2346
2034
1080
912
1278
3363
1116
3231
1398
1596
246
1161
5553
1989
1491
2205
2070
1881
2070
1275
420
2634
384
1821
189
1596
1884
849
1287
1209
150
1194
1071
960
354
1284
1524
1530
1518
1503
1854
342
705
945
1395
2184
600
1566
1617
909
1599
3441
432
441
1200
2631
3144
1044
1530
1068
2346
1248
1155
750
930
1590
1077
846
795
780
681
2169
264
1050
1521
1551
1497
1527
1275
1710
2850
978
594
1287
537
1401
1983
1347
3144
750
318
528
1518
2055
1233
2790
1182
1524
351
621
885
756
561
1695
2061
981
3744
1674
360
2265
1254
1821
759
3345
540
1677
606
1422
1545
651
1650
165
885
882
1323
327
846
393
1797
1719
525
4764
1896
702
3177
4050
1440
993
1041
1494
2013
567
4755
654
1434
942
1677
648
408
1491
2325
1134
378
666
711
1122
1620
723
228
1128
3024
1242
465
546
969
603
3732
1425
1476
5622
195
612
1116
1536
438
246
354
2967
402
1479
2211
1302
177
1560
411
267
381
4026
813
921
333
1704
1680
927
606
3249
825
1161
837
924
1830
897
2226
4041
759
267
840
603
606
357
4821
1023
366
1545
2160
768
621
2568
672
2853
1848
1614
1827
1614
2868
861
879
417
1455
837
321
450
1935
870
432
3663
1803
1533
972
363
366
1224
2661
471
1377
1941
2838
1176
897
2769
414
426
324
318
462
1713
1875
321
1851
957
744
351
291
855
702
471
510
558
1548
723
1809
2034
1734
714
324
2595
351
1746
2655
4047
828
1776
3942
1617
468
1143
567
1008
384
1020
897
264
5985
3120
531
387
1308
2481
1581
4383
1005
270
1125
318
2115
801
1068
609
489
324
3315
963
600
5826
753
1059
438
363
546
528
543
1539
558
1434
2787
1332
1164
3462
1752
2163
2781
1254
483
1695
1191
1650
1164
1698
1020
1272
1194
2787
516
1272
1728
2715
645
1485
1824
678
453
1740
1041
2361
399
177
1467
2946
294
1305
1884
3297
918
1137
555
1239
1968
1659
1647
663
822
1968
1971
1572
4998
1095
2178
1272
408
1041
2127
1671
2817
1338
654
1743
2121
318
282
2166
1464
408
3450
525
3087
1557
843
2073
6306
1311
4347
237
1035
1041
333
1290
1053
1011
786
1242
1260
1725
858
1092
1089
165
1092
1554
1758
2808
2160
1614
3177
1608
270
807
1146
1533
1308
939
975
768
1296
3315
2178
2244
885
927
444
1125
2067
579
471
1305
282
684
2433
1101
750
423
1437
654
627
837
960
1521
1038
1011
762
2337
291
2283
1008
2250
1113
1092
972
726
633
627
1077
1563
1440
1377
414
2058
546
621
1380
1650
1053
2910
2289
2181
909
642
1593
1386
1854
1191
558
132
1731
156
186
162
195
186
1515
1194
1248
372
210
273
1665
1098
963
1632
1464
1062
1158
1575
1593
1155
1488
2220
2424
1350
1827
378
513
711
642
2424
3951
234
384
579
423
1617
1023
2181
4644
1083
489
1965
1701
1086
942
363
291
363
897
1329
744
1398
387
927
330
366
198
342
342
333
1137
588
471
903
1632
225
4002
5541
1158
783
792
1050
978
3612
861
1257
960
2640
1314
1383
2946
1437
531
1365
1074
612
603
417
1308
2127
927
888
1419
1266
4104
543
600
993
933
1356
1668
1326
885
537
3870
1296
993
894
1785
1017
6267
2070
2118
2373
2016
1833
684
663
1008
2157
546
2901
4182
1014
531
1881
1311
834
906
996
351
1701
987
201
1353
867
663
1995
468
2037
2970
768
1134
2313
831
1020
483
801
1440
849
2721
1563
975
498
813
516
204
1206
1092
369
783
444
303
1539
672
933
375
4278
3141
132
624
1080
3468
2556
900
585
1434
1359
969
894
2076
693
756
585
2637
927
438
273
246
3309
282
546
180
702
588
2364
906
678
951
1248
2211
1143
279
1083
312
1671
327
165
2403
1281
2202
492
684
2034
2328
2238
2619
270
282
219
2808
2211
351
969
2214
2499
2340
1590
2259
1071
801
2184
819
2658
2247
741
696
1266
1503
2076
456
1860
2568
2172
678
2316
1440
2199
3132
1269
693
1695
2541
2703
705
810
2286
2292
2553
819
252
480
2169
1257
768
588
10317
678
1755
2418
2223
651
1605
750
2187
153
2178
2637
2427
2259
1164
168
363
2202
1419
858
2034
1671
2994
1737
978
1053
2142
2169
2625
1506
1449
1095
321
222
708
480
210
1563
1206
507
2625
2595
270
2418
1149
2439
1293
1260
1923
786
1767
2628
2295
1416
693
2283
2823
1506
2754
1815
459
2142
3393
2247
2334
2310
2943
3390
1011
3261
345
2964
2340
1662
996
1143
852
726
1350
681
1689
705
267
750
1092
2862
2049
1908
2016
2289
2250
1536
1071
534
1956
3246
453
696
1029
2868
603
753
906
873
1026
2781
303
2454
846
2661
3957
1002
3843
948
351
1251
2640
4521
1683
1188
3732
3744
939
906
798
813
492
2253
4125
714
456
1611
831
2397
3081
294
411
852
2220
621
702
1842
7014
483
3990
633
3771
603
4593
198
3630
3210
762
612
699
2661
324
1089
237
597
1440
1029
1653
750
5970
1737
1098
1647
2502
606
2181
3846
894
2172
1269
453
747
309
1041
1167
615
1107
1362
1155
276
1557
348
1449
2223
1683
744
2163
624
609
1023
1200
1173
219
2826
2295
2472
2118
2691
528
1083
516
2337
1380
1509
1143
630
753
333
2184
1056
2238
969
666
531
267
1296
972
645
1941
618
1536
2337
234
486
1947
1248
1629
444
435
285
1458
1248
750
258
282
3300
2688
2007
1545
1419
1539
1602
339
585
3984
1680
558
2169
2046
1863
1401
783
1899
1587
984
618
1278
354
2088
1044
1026
264
219
225
1077
1449
891
1551
255
1557
1125
1095
303
1065
1764
2043
396
1485
1104
870
1536
1029
948
858
1302
534
2688
792
369
1920
1104
1680
7035
981
765
1401
579
771
465
678
261
957
1329
4599
1368
2859
1113
183
948
2622
1929
585
1479
2361
4797
930
228
186
309
1548
1467
156
5136
969
1065
576
408
561
270
1140
1632
1539
1959
1905
1071
1680
900
1170
222
195
1050
1470
2400
570
690
1050
1584
1788
522
2079
2286
2433
2733
1755
4734
522
1128
1803
2235
1917
762
1320
498
1530
1155
1479
2382
624
195
717
1860
1398
1437
756
216
462
846
978
243
780
465
2355
1173
372
441
408
1536
957
1920
1002
1569
4200
966
1230
963
5484
2607
1191
1911
192
1740
3810
774
204
1845
783
927
1104
1014
3438
1443
1770
420
1938
744
1503
2103
825
1698
585
2469
177
312
1443
1050
1551
3660
1857
981
738
1251
7935
876
1224
1041
1158
1551
639
435
501
510
2175
2325
1686
1428
1347
180
357
1404
348
444
2574
840
666
573
537
1659
960
1344
756
2181
909
297
1044
633
1590
339
585
2199
1077
4131
786
732
615
717
501
357
4473
294
1449
1095
1431
219
726
738
606
1083
696
1290
408
804
1203
366
630
2430
588
417
2958
1050
1335
1797
708
1128
279
1209
840
855
435
3846
3081
3060
1554
1440
420
438
1674
1029
1005
1560
1362
927
1623
2214
2037
858
213
447
2544
1041
189
900
1014
375
447
501
1587
2640
1539
2544
1314
903
681
288
1056
2457
1488
1461
207
2796
1110
3675
615
1062
792
1557
978
1581
2862
1659
456
2013
405
681
1407
2859
405
957
411
1659
1650
693
2589
801
1893
672
2211
159
882
1173
2442
417
1380
2280
294
192
255
2814
222
195
447
489
2220
3042
3231
405
1569
1509
1272
2475
933
1101
1377
627
1410
1236
1689
1647
2163
741
315
1650
285
2997
225
1851
1581
1689
972
522
1581
621
297
285
1590
2028
4863
615
318
327
930
165
1530
1200
192
1665
1131
447
621
198
1719
1080
1587
1662
1371
3225
357
1548
834
702
1023
891
891
489
948
786
711
1914
897
1761
3525
651
408
1956
1062
2496
1392
1005
1029
498
219
1047
489
1233
1596
633
1800
336
1938
681
1422
1194
921
2337
2415
900
423
1059
795
2283
1668
1746
411
2373
1092
798
576
870
1806
873
222
297
390
1515
1434
471
1068
369
1338
993
993
552
159
492
999
333
768
492
528
441
1536
1536
990
792
5121
1776
582
858
1191
414
1626
1527
1518
1704
597
579
645
660
507
501
546
501
1275
645
546
639
540
585
540
666
651
1179
774
507
1125
162
207
282
930
522
963
1107
399
1107
414
1731
405
618
642
5103
561
816
393
873
588
4698
2367
267
2889
720
3747
555
1023
477
1014
792
1029
936
1503
2031
1020
1425
930
543
429
291
156
3156
1743
1845
2118
1125
156
1842
249
471
735
1050
1848
1236
1059
3375
261
1809
366
930
618
1911
1554
2355
1071
144
219
204
744
3015
543
2538
5187
1197
1296
582
1053
1047
669
666
399
174
1341
2520
1200
1398
507
1059
1686
2094
1887
342
504
1482
804
1014
567
1002
948
1503
2466
861
879
1011
1221
1614
903
3450
2316
1059
1074
825
2397
780
1740
1995
939
1266
3750
849
1026
528
453
2112
921
2193
2514
1938
690
1722
966
888
1782
2163
3039
2223
1611
1494
912
720
1308
1869
312
339
525
1110
780
1011
2235
1284
174
837
1671
3159
1215
942
1299
873
1380
930
627
2199
1485
1758
906
1731
1878
1995
1935
1758
1572
888
507
1089
4560
2085
1482
828
1362
1713
1353
1464
1278
3750
1701
1698
903
1236
1269
1056
273
999
276
1713
1722
1527
1539
3816
549
1197
288
675
582
870
1116
618
411
435
1512
1122
2427
1173
450
429
1257
624
1695
3543
1353
1713
981
726
2364
1146
549
1125
1128
792
1464
1014
1161
1683
2418
1335
207
1398
726
2625
414
1431
261
927
3582
1167
918
909
6324
2211
2310
930
1437
3798
1773
1362
525
522
780
2454
1569
1269
1803
1578
3444
4395
1167
1728
1086
2688
1233
1401
1812
954
1479
216
2874
762
1650
207
819
513
2850
561
2352
1932
3903
2442
963
1023
1026
252
1044
1701
453
633
1821
2220
1656
1083
1896
1308
2895
1188
1782
633
2502
1560
1635
1248
909
1176
519
1830
2490
3759
648
975
486
1200
681
801
735
1242
3816
2073
2871
3291
1488
864
1854
1275
507
2358
1476
1368
1116
1326
1680
369
87
1824
2043
1890
2385
549
252
867
672
546
3189
1131
441
1779
2169
456
1101
390
1446
1995
906
984
2295
1575
2187
576
1596
1443
1434
1617
882
7059
1149
267
435
549
1152
1116
423
936
810
1641
1101
1005
3492
1605
597
645
945
639
903
903
1893
3333
321
798
783
831
1140
1728
882
927
861
2475
1809
690
327
252
450
1164
2682
4491
525
3909
978
582
162
1350
675
1275
870
14997
1848
1782
1392
564
702
648
969
516
384
2406
993
273
1335
1206
471
1191
1839
507
1047
279
3321
288
216
2154
1215
1182
1473
912
492
906
294
681
1599
1737
1284
1518
990
1887
1437
1266
1641
1413
1005
1488
1353
1728
843
1599
597
1185
1530
459
696
885
867
687
2358
1512
1794
357
1005
1650
1248
540
4149
1296
2052
645
1017
1212
3582
912
1326
738
762
492
267
2613
1335
852
1890
1011
852
2664
1554
2160
765
1098
3000
2235
837
3462
3738
5883
684
966
561
849
330
1125
1185
621
5220
291
1008
1953
2304
1152
1119
1677
3129
1446
891
2085
3921
924
738
2907
2580
645
1197
2247
1041
714
810
1443
777
822
714
213
747
3564
2538
150
819
924
906
1983
1056
4320
1191
1530
2715
3249
3849
3180
2100
2718
402
690
1248
765
1191
3273
1050
1446
900
1260
1095
273
987
696
2505
675
621
483
966
1350
1629
273
1629
1677
2469
222
423
1383
657
375
1290
5475
366
243
1101
654
1425
1350
3273
3930
570
435
912
1080
978
2541
1494
2070
1074
510
921
1842
1914
1068
1050
1272
3963
1662
1008
123
954
717
1608
1143
3018
2451
3051
1572
3444
1395
657
1848
798
1605
441
765
783
261
261
1200
1251
1941
423
510
2973
1599
2892
798
1002
747
1911
2904
357
357
531
477
1425
1494
1317
1365
1944
1581
3750
483
645
942
951
1866
2595
1638
1797
1266
1401
1773
753
957
879
399
405
171
1224
1260
3990
1803
1602
1785
1176
1641
1746
1620
636
513
1458
402
453
453
1179
906
3729
2265
807
1260
816
2142
1722
1647
2661
1293
474
1989
1092
216
1404
1035
3984
2016
273
1917
1812
1188
1398
618
3627
960
1641
2490
1056
1983
423
363
5397
891
1398
1254
375
780
1206
624
1332
1854
2391
6555
1032
1392
1947
1611
3123
1086
981
1011
150
555
690
558
1461
1212
843
1359
3492
3111
174
1092
468
5430
879
726
1407
981
3018
1356
816
1716
1668
408
1485
1455
2835
1059
3549
636
1035
1779
1611
177
681
510
480
441
588
624
2340
723
480
825
486
2793
396
492
423
1149
750
1170
717
849
1257
789
582
3774
1443
192
339
819
2016
807
1362
1014
645
900
1818
1287
591
4377
828
558
1029
1341
1020
816
870
1131
1839
804
1659
417
570
138
1497
555
228
843
1560
378
2757
1158
816
1767
1161
390
672
2064
2121
1215
432
702
2193
801
285
1920
1284
1278
579
951
2826
1812
723
855
846
561
1116
2331
279
252
837
3996
399
1551
1311
873
2316
1149
1173
294
1440
2370
864
2415
3822
240
540
396
1752
1401
207
378
552
1458
1017
2937
1131
702
948
1362
498
240
3594
339
1701
1452
480
1827
999
273
339
555
723
1062
2178
453
450
1347
654
153
1278
477
858
666
459
1461
1434
255
558
543
873
1005
1287
351
543
1053
585
1200
585
606
1311
696
429
1680
1200
1104
1179
1341
456
1605
1182
1197
558
6225
1974
1773
567
1308
1338
954
1017
201
2712
294
465
1182
1296
1215
1512
513
594
609
348
2070
1737
813
453
552
861
420
432
1332
978
414
5007
450
762
747
153
549
795
3372
174
597
3027
585
1449
969
1128
1551
837
396
423
672
1374
3495
1416
552
2238
927
1827
600
2118
720
2493
837
2763
891
4509
906
537
747
1890
1686
1344
2181
2451
708
468
468
4101
1935
231
771
942
450
1023
648
597
189
1443
1074
921
1386
2211
2172
5439
3813
378
936
1059
1950
1884
1773
558
918
1161
858
1488
660
540
309
471
408
522
2178
2535
1833
2325
1233
1398
1719
1827
1182
1155
546
303
1239
600
987
1491
2487
2592
3423
1020
1287
828
387
2853
993
2016
2088
1458
1092
2184
999
186
1296
1287
1116
1158
2154
684
1032
1020
2112
1104
801
1059
1422
213
1425
4962
1017
864
705
1629
2046
843
1239
1521
216
1890
192
189
1464
1767
1998
930
531
1536
1551
1599
1119
1338
657
2742
1359
1284
3336
2817
1785
972
435
771
678
1308
1020
3273
411
1638
3159
894
750
2823
819
123
1218
2526
2310
1170
2361
1545
207
900
870
378
885
1164
609
1848
1617
477
711
903
1119
1299
534
834
2667
2571
2622
660
198
1197
279
4725
4614
1215
4212
1122
1134
2226
207
807
873
270
2547
3909
1935
852
267
2178
2853
789
1392
456
1317
1323
3492
930
2799
669
1116
1506
1110
777
693
6159
4479
4938
756
753
783
3438
3687
558
1077
1494
228
1122
618
1617
1233
1095
3099
708
2001
1332
1158
753
909
2478
1491
1539
1194
1257
2097
666
4716
363
708
2451
1260
1368
1527
903
2130
2361
1593
2208
1656
1023
987
807
627
1434
1602
462
306
924
717
666
444
231
897
897
1581
1296
1383
978
1173
1086
4485
2592
984
1134
228
198
870
498
906
1980
741
2976
1533
1650
1986
960
909
2403
1068
525
2022
2145
2661
3327
2568
1872
1851
726
1038
1467
1305
642
714
912
675
162
1152
753
1062
1440
1560
4821
1257
1392
1335
9102
2841
1299
1533
1260
2640
2700
1449
894
3900
978
1566
702
1203
1653
930
3039
381
219
1782
1578
5112
1014
828
2934
2862
756
1983
1002
2526
1296
996
1044
1422
663
969
3087
987
1053
3420
2343
2022
342
1152
8769
2340
369
1971
303
3201
2499
2472
1548
471
1359
1329
825
1455
1350
906
5280
3312
1134
1479
1830
3948
1800
1581
810
1374
1869
750
1050
1011
1752
1377
1107
1065
966
1476
300
6555
891
2112
240
480
1044
1770
1089
2934
1359
756
1341
183
1161
1572
1830
2880
2970
2160
636
1968
1677
1446
7143
2064
696
288
1002
1803
1788
1182
1644
1185
594
1704
1449
2136
480
405
1707
1860
2913
2880
1863
3453
2541
621
1752
3099
2124
246
2307
1845
366
2187
2835
318
2766
3171
474
1500
1389
1338
303
1509
261
2949
2181
975
1329
1419
777
996
1551
1599
615
228
2721
849
918
6696
2016
2235
1476
807
825
468
4044
1089
444
453
1143
402
246
1764
2544
1521
942
750
2304
1227
1116
1836
2586
1869
198
705
2979
1989
945
1353
1512
1530
516
924
282
1497
915
822
399
978
369
1395
1650
678
669
1011
510
2661
1101
636
612
1146
1779
723
2751
2007
1971
1101
1113
378
582
1371
525
627
1413
3081
1497
1089
2403
501
1665
1362
1215
1356
2892
1866
1626
3273
4551
618
618
1758
903
3069
1551
2208
1191
4275
2391
1998
1836
1716
1470
435
2550
1380
321
327
1308
270
771
747
1071
2832
1716
540
858
492
1653
1728
372
1089
3150
753
582
87
1182
1557
2382
870
465
453
555
894
504
2448
3048
4797
3072
1257
231
1152
6948
618
1485
2649
543
1695
645
1185
2607
1308
615
4407
405
1734
333
291
459
966
990
4368
1002
1698
1050
525
2028
2223
3408
456
486
453
2763
366
2199
429
477
480
477
3465
2523
396
1233
1902
2709
465
372
1416
5811
486
5103
792
1140
3450
1029
507
288
831
558
3075
2034
357
1176
1083
630
981
558
1434
369
4032
978
627
2523
1722
597
2619
1197
660
1983
774
315
3246
531
348
2367
1176
435
1575
2550
1389
1284
1338
753
195
3171
462
1902
2469
264
1830
2217
792
1647
1437
1839
246
1275
1287
708
486
1323
1527
1050
4293
801
1701
180
435
1521
1434
999
678
1992
342
894
930
804
630
870
360
345
963
87
5943
990
1446
1242
2001
675
735
84
546
285
252
1104
2169
978
348
1551
417
312
846
1578
585
1278
1848
2124
1941
1131
312
417
1026
882
2835
498
1305
1062
3210
387
924
924
975
729
1644
2562
1842
2103
2844
810
1962
3045
402
1503
453
744
495
621
2106
4569
435
1113
468
1671
1899
429
1539
675
1950
1983
222
762
960
312
1542
6042
651
2991
492
954
876
381
891
2889
1095
1647
690
711
873
1395
456
1350
339
306
1587
1803
696
1809
819
2310
2346
276
357
2385
1548
177
618
669
1689
1065
834
1002
1290
489
582
780
3186
2634
1509
1530
1437
3135
3066
270
939
1344
858
552
300
2436
672
543
801
1605
2103
2499
1938
1968
1503
417
936
285
639
243
2388
1089
1767
2298
2787
1968
2868
1482
3546
3561
1122
1134
831
714
1524
3015
387
1551
888
1530
3429
2907
2112
324
3537
1512
3201
228
3042
1614
438
3306
825
3348
801
1830
2109
3426
1407
276
3186
465
735
762
2364
1443
438
504
258
2559
3516
666
1329
2448
198
2394
336
327
156
162
1122
663
1614
387
216
153
195
354
459
1764
2064
1290
1554
933
735
1416
651
717
204
438
339
1071
981
1497
1494
513
642
987
696
8892
708
540
1611
702
516
1164
327
411
1653
435
603
1353
525
117
1029
528
1449
1089
1227
879
192
921
795
798
351
1242
2082
261
366
654
2688
822
1233
732
819
603
735
2583
2532
6306
549
537
267
537
762
588
2010
276
2196
1359
3183
1329
1155
297
609
477
1476
591
585
465
3114
807
1134
714
1593
1077
1038
1350
348
348
1026
1860
1158
897
435
393
369
2019
777
1491
696
600
1491
654
1008
1311
1635
831
477
321
609
1155
1329
3198
2331
2715
747
366
273
603
738
546
735
2223
1110
1167
888
1329
2037
1707
1458
2163
1530
735
1038
534
246
2568
1575
2931
1824
447
2736
630
312
480
324
360
372
819
516
480
183
1308
174
333
729
1200
1686
222
333
723
522
312
225
156
1074
420
507
3840
1188
1698
2448
258
1797
2601
3156
1083
930
3960
2391
3057
3366
1314
972
1434
2004
1851
2109
3819
1767
1827
393
690
798
2544
8568
360
1077
315
1320
504
627
624
2223
2256
3642
756
555
537
1221
993
2316
2226
1056
423
2274
4929
1593
1995
204
396
1383
837
1362
789
1743
4845
768
1716
759
1752
1893
4026
702
501
1746
360
1152
1068
423
2418
1233
1302
1614
1113
1935
732
1023
1725
375
1251
1032
4095
4383
1011
2607
2232
474
1812
1773
1689
1362
2250
660
2064
3477
1152
333
237
507
447
669
4542
192
1728
1320
1887
408
1560
3243
999
999
1311
2427
1035
891
1980
1380
681
477
1965
435
2472
2325
774
762
5337
1326
681
1758
576
1716
933
1434
633
1407
774
1464
819
948
3201
2325
2013
1551
666
918
1068
939
657
1341
2487
2031
2010
2232
885
1767
1023
2643
489
1425
963
309
534
375
780
999
2907
354
1521
375
1134
648
330
267
594
906
1566
1341
1569
1125
1050
1689
1623
495
1074
1431
705
180
1755
276
612
1257
483
666
957
1170
1584
471
732
2979
2529
2037
540
390
831
2589
2151
3144
1608
1056
318
1392
3714
1890
2631
1323
948
4533
1152
1827
942
4236
390
3114
1827
1749
5289
1902
1275
1461
900
1434
1329
561
2469
1179
2946
654
1137
348
1188
675
324
942
852
3231
522
2451
1494
2082
1272
240
948
2028
783
1281
1038
312
741
675
300
348
1572
1365
1443
1071
1905
1125
1023
1383
1263
2208
1059
651
2187
3111
480
1209
1503
1653
1443
2772
2472
1809
585
2082
3357
909
594
465
3120
273
207
1032
3765
1038
483
492
537
1077
297
4326
1395
228
1356
1032
873
507
1488
1758
1500
402
1977
744
1404
1095
3249
1842
1650
1614
1431
435
411
1686
270
723
4224
1332
1152
2673
1239
552
627
3630
1050
1293
1320
1302
1101
1998
579
1128
1359
1368
1395
2169
2181
750
495
1920
639
915
690
888
2316
1569
1875
711
3483
342
2361
2943
1593
3189
1020
1245
936
1509
2607
645
1176
1035
1959
978
513
1254
1095
1002
2058
381
465
1746
4041
1638
3312
1455
387
1419
531
858
3648
1548
1731
564
1428
3192
1383
1449
3837
1323
1839
2781
2769
2787
2766
384
2523
1629
1221
2556
462
285
2775
369
3381
795
1293
906
867
345
1764
747
873
1176
789
1572
609
420
1983
1611
1734
1692
2838
1683
384
315
609
1683
2034
1650
450
1725
576
2088
1647
1701
2562
633
1608
1251
1980
1401
1848
6393
2016
4524
2238
234
918
603
849
1569
1041
1329
570
1572
1674
2184
1734
549
1125
453
459
1101
1656
1542
1179
1650
858
186
1623
582
2577
2313
378
1377
351
1986
2970
3561
2646
753
2280
1983
759
1083
2205
3354
1959
180
1155
2028
3192
849
1587
438
1947
3354
2205
1044
810
2037
2259
444
375
282
708
402
477
1248
1269
894
1308
738
423
4263
531
1755
3075
3720
654
1332
2469
690
2031
501
219
1347
558
486
246
363
471
408
531
2175
2526
3042
690
1182
1155
702
303
1113
855
432
927
492
1806
519
771
558
1347
2670
1050
555
2814
1572
3486
1110
1080
5418
3774
651
600
657
3531
435
3864
1332
444
612
1404
2880
3111
1656
1242
882
6501
798
330
2658
1203
1128
435
576
939
831
3372
1614
1617
528
693
381
1518
1218
4377
1620
1122
2646
522
726
816
657
1140
891
1875
2757
3543
1053
1044
1074
996
192
1182
1602
1182
402
1734
1116
1230
1065
696
891
480
447
522
1536
999
579
2232
1185
1059
1038
1185
1053
621
801
1650
1401
636
1050
975
459
621
1722
687
969
1770
393
672
1191
900
1101
528
2868
393
552
990
1125
2994
369
957
1005
312
729
567
972
315
1851
1728
1074
3465
3435
7206
399
1008
522
1056
225
1962
2349
1578
1155
1236
1284
1308
1179
1356
444
264
3009
975
1416
573
2337
486
1830
1806
1809
696
1215
669
1770
1014
1095
864
1077
2883
1806
1827
702
2796
1575
1353
597
1983
1905
867
1689
960
1158
3129
2424
1434
762
657
693
1488
2394
1362
669
2763
852
234
945
1338
1383
5085
2532
1593
1002
765
2364
531
5382
3990
972
1842
3633
4827
864
831
840
1755
594
2091
2574
1125
1362
1488
1434
306
2082
1332
1533
1473
732
1299
1365
1401
546
519
516
522
1806
603
1092
1755
1128
1068
1356
1056
456
1908
4626
1470
1809
870
783
234
486
2703
672
2391
945
1536
321
2097
897
561
1143
894
3090
987
1239
1416
1584
726
777
1938
354
1653
990
1221
1050
279
522
1650
528
1611
1032
927
567
228
1311
1218
597
87
1389
2691
2229
759
735
348
615
444
1188
420
645
360
1281
879
2217
2676
267
1074
1878
1356
2028
1272
729
1095
1311
840
2532
3765
765
3648
804
501
720
1413
927
2655
381
435
681
1809
1569
1392
468
1551
2931
1179
2421
1161
1734
567
2214
336
1035
1539
3312
1521
1218
801
768
711
1827
1440
1710
1512
2364
873
1584
3636
708
1467
4863
2727
633
288
477
3174
4212
792
336
1056
984
438
162
228
279
504
3114
2205
4782
828
1251
858
606
657
2229
3471
1350
636
2331
1389
3696
2286
957
798
831
1332
2058
1527
609
600
3084
1056
960
2055
5799
636
3552
1227
603
492
1074
3039
2121
3294
1041
1059
1764
564
1596
1089
918
1290
2118
1401
624
2205
1431
345
360
1488
1422
1521
1353
1791
801
768
2748
564
1500
963
600
624
186
246
270
3918
1533
2277
1083
900
468
762
1362
2892
585
522
1905
2064
981
1437
891
1020
456
246
303
1023
2307
1314
1512
393
789
3912
336
1401
2007
237
1596
1368
498
1197
318
576
2289
192
1611
642
1152
954
1695
1698
1920
3237
543
492
345
861
1773
1347
1140
549
4347
1485
354
1650
804
1374
1308
1266
1806
468
3009
726
5196
1344
708
2337
546
1548
471
474
537
1014
1245
723
543
294
1374
645
1599
897
1563
1371
1581
828
2658
2208
423
1053
5181
912
351
645
369
813
1191
1572
3813
591
2352
1530
639
867
711
1911
1785
279
912
1173
1212
2031
1170
1407
1965
2790
1032
1899
933
531
798
4734
2529
1140
1245
1488
186
1353
1107
1401
648
780
537
1167
1362
225
1203
609
1428
2871
708
2355
1197
969
1134
885
1155
846
666
528
879
1572
3255
240
4500
1050
636
990
1188
669
2295
552
771
2070
2667
3345
480
870
495
1032
1167
318
2439
3273
1416
1626
537
1800
1026
657
693
657
1182
654
1224
1509
1029
1533
1296
2583
585
417
525
2688
1044
687
255
612
1071
5784
3582
1731
3159
468
927
2610
1959
888
1638
672
2979
1827
5865
2121
2307
2772
2811
1200
408
708
312
735
1464
444
1938
1704
1479
786
375
1974
1194
1221
1896
1116
2667
1008
462
495
1548
2562
1941
3642
1581
2514
1761
1026
570
1548
627
567
399
708
978
2094
447
1512
396
1728
498
1560
1578
9501
1236
1692
1020
2163
1704
1296
1341
1677
2490
846
4026
1341
3666
2706
1512
1047
708
909
1890
2463
651
1194
4281
1560
396
2316
483
1365
2592
1503
960
3120
489
1065
1149
1314
1236
567
2547
1110
798
972
1542
1113
2694
2505
1380
306
1209
1227
450
693
717
981
495
1245
1311
1551
1152
1641
7710
1062
1491
1344
2505
831
1332
1857
576
795
2289
900
1128
1191
2298
243
1902
1260
708
1740
183
303
747
1338
492
1617
1857
2007
1890
843
582
1479
636
2724
1599
1293
3147
1479
1509
723
2622
4461
1149
1785
2781
798
1011
3246
1542
1029
420
1515
1233
654
3171
1770
1137
1758
1470
900
1842
1095
648
1128
1170
1719
4143
2559
588
1728
1416
3372
489
612
3759
255
1422
1362
219
354
1056
1554
522
1458
1431
420
1629
1710
1788
453
1179
2262
1689
1518
1878
474
1182
447
546
885
1182
1041
1140
762
282
1314
309
681
2085
1863
1284
219
1122
249
2943
1668
543
669
1053
2007
1503
2667
744
792
648
1350
1419
480
861
1908
636
1437
1257
1371
1401
1326
1167
1875
726
1122
1764
1383
417
1947
2163
558
969
897
1443
573
1089
1965
2229
1095
1497
777
1404
672
3729
423
687
1554
1176
1278
1236
3021
846
2892
4446
2019
855
7425
2364
1440
156
903
852
1566
354
2979
1260
891
1692
1215
1086
2955
1677
501
1698
918
738
393
543
252
1809
1134
1404
1914
1656
1128
453
1425
1704
1119
1872
2508
552
1920
543
1353
1149
2049
1062
3891
3420
1716
1998
1326
3147
2010
753
1476
1320
471
915
786
2775
1341
2487
1938
1518
378
630
288
522
2847
1713
2781
3633
348
2400
1104
468
825
1857
999
2970
369
1422
1098
294
723
1278
1005
3054
2907
3612
2895
657
972
1062
606
2808
2022
3189
2607
1857
555
498
774
2787
5985
2418
2469
2472
2910
3519
831
1089
762
291
720
657
2565
1272
1908
1806
1248
870
1206
1641
897
1128
927
1470
1041
1008
2463
870
1671
1068
1608
912
1503
489
1002
3384
897
966
1764
1095
1011
384
156
246
1704
612
801
339
903
1995
423
582
180
489
747
702
1233
336
1782
621
1683
1140
453
5043
357
2829
1788
1767
783
7038
768
204
810
618
726
867
1239
861
1128
1563
3606
1119
2079
1062
1260
1113
822
1857
1650
1332
900
1710
1620
984
3735
993
1737
1542
1932
2673
852
477
1695
1578
1986
1521
1506
3843
1734
2754
3855
402
1308
1419
867
1803
1647
657
546
618
726
591
570
915
537
618
1713
450
1797
357
5175
1959
990
1401
1383
2022
3759
3780
1953
966
1860
2475
2316
1653
1116
2295
1647
846
1158
606
6495
1077
2985
1032
1785
1674
1563
783
930
561
258
1248
2961
1671
933
687
2013
2523
1875
1611
1608
1737
1731
1608
1983
1953
3882
630
1275
1671
1722
414
960
585
954
1116
2547
612
540
426
435
1044
1194
3426
8007
2427
1773
1659
681
717
1785
2760
447
2025
1020
255
318
918
468
495
630
3507
1515
1908
1230
216
150
1788
1539
1440
1089
438
972
726
4398
1437
1728
3645
714
1110
441
696
513
2766
1041
531
228
1860
1350
1329
1770
1830
579
1029
1806
324
969
1209
1227
4896
1491
1695
609
780
1419
777
771
810
1755
615
396
1806
1623
1551
1125
1230
1647
4059
1725
276
294
930
1821
1770
1794
1665
2622
756
603
801
876
1284
1377
780
303
1011
2238
3183
2481
3549
1581
234
393
642
1167
1830
3540
633
600
648
990
1821
1416
777
1014
708
279
498
858
321
336
1038
327
1290
1449
630
750
1983
945
942
480
771
2571
2319
987
1728
564
282
1605
642
936
852
780
6516
1005
369
990
378
1020
345
810
822
1110
2163
3183
798
297
771
750
2562
687
1701
1080
1455
1572
924
501
1953
2625
1290
1242
261
1290
1056
231
1053
489
2364
222
2832
1176
3576
1431
2709
1713
612
2313
3531
507
1329
633
153
444
1029
1725
1035
1323
1293
1227
1617
1974
3600
951
681
1128
792
1020
1431
237
1233
1134
1578
180
1530
1125
723
1296
963
1218
1092
1041
1803
468
867
1683
888
816
1041
363
1155
768
768
1209
258
453
711
924
1041
156
756
1089
240
240
1302
1191
1062
300
258
1215
699
930
846
783
1059
1863
1647
2268
846
972
951
969
1002
1686
2580
1695
558
1101
2496
1173
2115
1380
1221
4665
2304
420
2037
2466
579
2607
3042
1284
1845
1839
936
975
1875
2283
1371
1377
624
822
1095
1152
2013
1278
1308
756
879
3726
1101
1500
1038
660
2031
402
498
2211
714
642
3843
618
771
1479
1104
1482
1050
1074
819
1287
1323
525
273
897
1320
2298
1446
1299
2286
513
849
1275
561
684
1143
315
1044
1011
444
1236
654
660
2412
1050
2307
2436
1254
843
642
1422
2010
963
969
4023
285
1662
234
1152
1185
867
1110
597
1023
1056
2649
7776
1467
867
888
384
3816
1482
702
1362
372
2607
3081
1365
1074
2478
1473
816
1707
7821
2955
1515
1353
192
1218
759
720
1617
2349
696
918
2547
816
1053
1008
3090
1659
933
867
312
231
621
3405
1311
1494
336
516
1935
900
768
648
633
1518
1344
2250
2259
1860
1947
699
846
1110
4113
678
711
1881
2055
267
1728
657
975
1632
1638
3924
1224
1650
1038
1023
1566
2100
1104
474
321
2151
1650
903
906
1155
261
1164
1215
531
729
402
300
699
1422
1794
2106
2391
630
603
675
2625
579
447
1932
702
2532
618
258
327
435
1452
951
774
894
657
789
681
246
1446
1503
843
2214
648
1449
954
516
876
261
828
453
3222
1155
1317
459
342
459
519
456
1641
453
438
2847
342
453
306
768
3420
2451
3006
1341
1158
810
1824
312
1224
2559
1071
573
699
2400
312
1530
1929
750
1326
1416
174
1527
1005
1458
1362
2559
1050
1035
705
561
855
4407
1617
1176
1206
408
810
3024
4878
1056
4023
552
1623
3090
1323
2148
420
2709
819
714
708
648
1032
222
543
822
2436
537
681
753
537
531
444
3387
741
1542
759
732
1596
1998
738
807
1653
1143
1629
654
2343
1638
2556
3102
906
1152
1029
2943
1587
1743
1725
1089
1404
1044
1605
1146
993
393
531
2262
1155
219
2217
1149
912
549
1107
888
159
1980
816
168
1656
1485
267
1560
1929
225
6717
1614
1470
1518
4392
2304
312
303
942
1164
1644
915
567
2082
795
5154
729
1812
831
153
726
1197
657
390
894
492
1239
2955
1143
363
2562
957
1041
927
3117
912
2691
1044
1095
1116
834
1362
942
780
912
1143
1077
876
612
621
1635
525
1962
921
159
261
1047
174
942
2637
1347
1386
1236
1536
405
1131
747
690
945
2100
969
1587
1755
2520
1428
765
231
1437
435
1539
462
597
2388
2562
1230
1848
429
327
1890
204
1410
855
918
4911
792
1128
717
342
1161
2382
864
1398
1041
2010
1275
1143
2409
849
1620
1083
261
1167
246
2682
981
834
570
477
2484
1371
162
246
819
567
411
153
1356
561
1278
1221
2889
585
1224
807
690
2970
504
1182
687
4209
1203
1209
1518
3063
2712
1128
1926
1332
1434
1413
2418
1521
1128
2082
1575
1323
246
1353
507
1092
1917
2199
1797
225
432
2424
1122
891
1254
1602
990
1218
3354
2814
351
2394
1896
1272
672
816
1221
339
450
1236
918
1092
687
762
270
2400
432
792
312
975
969
2856
384
1650
2340
2448
2118
3603
870
696
1023
1563
816
6225
1335
708
2559
2385
1524
1233
1425
3147
1212
825
468
537
1485
591
1476
1863
2901
624
777
1494
720
2157
2034
900
1143
456
2274
1251
150
1194
2817
777
1773
213
1656
1455
1830
585
1164
360
735
1014
1476
1725
1665
1185
1422
558
159
555
5010
1191
1092
2856
765
576
456
444
2625
720
1053
1959
2076
2595
1587
4488
948
1239
1152
2634
735
1242
2664
2898
1533
825
1845
2592
1149
1626
1173
1275
2058
1278
861
1776
2172
417
3180
2067
264
1272
1191
2100
531
2208
573
4857
912
1800
1518
1077
1131
522
822
1542
1545
537
1374
1074
1128
1560
3327
402
813
927
1425
969
1251
834
537
1626
744
1596
1095
4332
6819
1293
2181
1713
231
1170
3168
825
237
990
1191
1461
1488
2547
1221
2199
4554
1473
513
2745
1038
627
1197
783
801
762
1158
2010
1647
378
1170
1407
1383
1383
1383
1383
267
1527
1368
636
1713
717
465
552
1926
1785
2355
1566
2520
1227
1314
1008
3198
1062
1110
1002
861
1560
582
954
843
1383
2121
1113
1770
276
630
876
375
402
1413
318
1494
2022
297
2067
261
2553
1173
11826
4005
1776
1599
1635
687
756
1557
234
2310
927
372
600
2520
3579
2592
765
1389
228
939
1995
1560
1599
336
624
1101
1239
1287
1563
2325
1194
3210
738
1374
699
2163
678
438
2946
426
630
4197
1728
2223
1575
633
1719
1314
1044
1377
939
531
474
1038
1365
1881
1137
633
1344
651
732
471
1170
396
1569
1323
4257
270
189
1596
1185
2817
1716
1896
2079
1401
1071
1416
2340
2280
645
870
1224
1257
1731
2313
372
2376
888
1341
1194
1824
2223
192
1989
2556
729
366
4974
1875
1947
222
123
1623
2982
4500
1677
1653
1653
828
852
1335
2625
1107
1422
729
501
735
1578
1068
969
582
927
1788
927
1674
963
1002
1086
294
315
1317
366
477
252
216
1377
1212
693
276
1869
1629
168
1047
918
1845
924
939
1641
1455
1452
816
2523
1245
1575
1941
2460
2766
321
1857
1101
1494
1569
663
1467
696
615
267
1464
1914
1242
723
2139
2766
1371
1485
1908
777
510
378
771
3750
456
546
1761
1470
1329
1215
1527
1527
1182
1713
216
930
90
2364
528
2355
2838
1440
324
300
537
156
3246
948
927
1473
2628
1560
492
762
2202
1701
1527
1482
696
2400
1590
2115
633
1494
3003
2478
1176
1971
2127
1281
1833
1458
732
3459
1161
1770
240
1296
963
1338
1044
3150
624
837
750
1590
2361
1410
198
696
411
564
600
1437
1863
1383
1413
3060
4425
1137
303
3462
1551
1437
831
489
660
1233
1590
483
453
1428
1599
663
114
120
114
465
822
990
1278
1266
114
114
114
582
168
753
1989
1668
843
1644
2061
1521
1587
1806
1560
636
1449
1263
804
570
762
663
603
1491
390
1668
720
168
747
1560
1902
1650
990
2979
1458
1512
459
1152
1680
726
582
996
2217
4176
1605
1278
903
3162
2142
2517
1488
786
915
1107
756
999
1062
585
1158
786
1443
1788
1704
2418
891
315
399
321
1083
1359
354
567
1371
3708
1962
1575
1578
3291
1377
477
324
1845
1563
495
360
1332
357
1362
594
324
192
2169
411
618
3471
813
561
645
3198
1923
495
594
906
3423
1155
6498
516
2739
1578
1215
3468
1329
567
1428
1683
978
366
1431
594
696
927
270
111
909
969
555
2439
1053
960
108
837
822
1671
216
225
480
180
1575
585
1140
963
1947
522
1908
1158
3909
309
3642
492
1215
678
264
672
2619
2472
798
3168
1194
477
522
726
588
4101
2025
1323
1218
489
951
501
1041
894
453
1455
1503
639
1254
783
615
2055
945
213
1197
318
1440
1611
1203
1134
1383
1335
1332
285
1272
984
762
2193
1137
705
1914
1389
969
966
2856
1194
261
648
495
1272
942
2328
3636
1035
1128
1173
1632
1641
807
1299
1593
807
579
696
1122
2307
654
465
789
894
534
2547
1878
579
408
480
306
675
1911
477
1938
1785
1311
720
1320
981
1152
1143
1347
1215
1365
2187
699
681
492
4467
1035
648
3393
555
1638
1419
1800
573
717
1683
3264
2157
276
1446
336
834
375
2091
180
159
765
1581
696
1191
1626
1179
708
1581
1884
978
912
1515
1656
1557
579
1626
1602
792
1656
288
1668
477
2892
1431
921
1206
240
327
321
267
2646
195
327
2100
342
5952
363
1077
1038
1596
1602
300
1785
876
879
579
768
981
834
1314
4014
3126
1500
537
1476
1635
726
522
579
873
876
477
1473
2703
240
3360
270
324
195
498
3261
2964
360
1653
588
495
993
1887
885
258
735
441
417
582
954
1449
750
2571
1275
1080
1332
1653
537
606
177
1503
1281
645
903
219
666
465
1827
801
1125
1572
1473
483
1314
1689
3015
3189
576
864
1686
2223
1050
1047
1773
1821
2133
1761
1764
1797
1668
1152
408
4365
3018
435
1590
315
894
1719
462
1671
3690
651
1911
2322
1434
951
939
1287
2457
2718
1287
576
2217
2142
189
978
1071
480
753
1371
2073
774
774
774
8544
693
636
1347
1407
1425
810
1812
1668
1440
1083
801
1461
7854
939
1380
2376
195
771
1959
1749
360
756
600
381
879
1518
1470
2163
1953
1608
2115
2112
990
1026
390
720
1599
2181
2310
660
744
1773
1800
1362
1563
2112
1032
795
978
636
780
774
885
468
2040
318
489
2163
1497
1233
468
2844
1185
798
813
1209
1539
3879
1179
1650
4269
1998
1875
384
987
1524
570
1851
1296
2748
945
963
1113
978
2001
528
621
2349
486
1689
798
468
1242
369
438
582
2028
1008
4875
1272
1512
1005
1500
1275
921
1548
1593
1467
1182
996
4326
843
1215
1194
2616
141
1221
2181
468
2508
1452
576
879
633
1008
447
1548
1110
324
1881
3081
1383
2286
303
3345
795
1665
2559
267
186
540
786
2676
711
1746
1425
1389
2877
1407
2208
3810
1191
2940
1599
1263
3753
2169
2355
3189
375
1758
3036
1749
513
1197
3618
1689
2793
648
1515
1314
1422
1728
1491
939
1842
669
1488
1773
1293
2694
1071
1590
2838
2079
1020
1044
2097
852
201
9978
3672
324
381
2820
1251
1818
669
693
1182
972
3372
513
1182
879
783
672
1752
786
744
1599
4029
798
1323
1545
774
714
774
1020
1065
885
2511
1659
528
858
1173
1884
1332
624
3243
4032
1839
1173
1740
1068
1296
1785
1617
1365
1263
768
2292
1170
1485
1167
1596
672
3009
435
696
2283
1275
1209
1524
663
1164
3603
231
618
1623
2025
1845
564
762
330
1278
630
1995
918
936
1470
1488
423
1116
936
1761
321
1350
621
609
2766
564
1590
1137
714
522
2760
4431
1680
1725
1167
882
597
2265
759
5106
585
237
2310
1065
3474
1611
651
1038
1848
975
1068
1755
933
810
756
690
795
918
2949
1656
1989
1725
243
2709
3426
1359
2736
2334
741
360
2394
1236
2781
744
951
5160
1773
1884
486
10911
1011
2121
1875
1083
2247
1134
276
2247
996
1662
1485
1056
222
945
1137
942
453
999
192
1764
609
903
765
4188
804
3099
621
513
1056
1560
939
4377
1203
2883
831
1494
1053
225
3702
2070
1782
702
1698
1098
657
405
1383
2853
1113
2121
993
4038
3126
486
2052
1467
2073
2124
2589
1500
468
1041
1491
723
1038
1500
1101
414
408
834
1788
960
2103
972
996
3333
2061
489
1350
4020
1209
486
2484
1416
1302
3696
171
1470
2214
816
3717
2067
1647
1302
498
2337
522
816
1413
501
720
2502
288
1425
327
1125
2418
984
609
3270
1374
3771
765
765
1047
4080
1746
2022
810
1878
2904
2478
1317
720
3867
1674
1194
1359
513
1026
1434
3321
945
807
1308
1812
276
2775
1020
1497
2889
2658
987
708
681
729
621
873
1173
1752
633
531
1419
1512
1557
879
1755
1626
1383
1374
1629
1116
1011
1311
357
612
1194
1284
444
972
2640
762
1683
915
351
369
348
879
789
3462
999
366
2625
2547
3231
1749
366
798
1656
2184
804
1215
1491
2523
933
1305
405
258
780
1044
1227
945
873
414
378
1338
2004
393
3156
708
498
786
1440
1272
2025
2160
1920
1242
951
2406
795
1740
840
381
687
354
969
558
1206
3168
2352
1164
1629
1884
2349
567
1248
2520
2184
348
3417
429
1686
993
252
1125
1437
1266
1656
1116
5235
3444
1353
4218
1113
870
1629
6516
1422
1095
1680
1209
645
486
4212
1377
567
957
834
252
1077
219
384
2289
168
504
2703
921
915
603
2199
1551
2508
759
3300
471
2907
357
3129
711
1128
861
1260
942
1518
2538
156
1650
2088
1572
3576
870
2709
1350
1698
984
315
1077
549
2160
1134
2178
1026
3231
3126
2124
480
579
1329
393
3723
204
561
348
2013
735
1221
1683
2202
1200
1179
921
570
1374
1170
1149
1662
1557
1368
864
1773
630
915
423
2850
1164
1944
1497
438
669
1611
1857
2562
201
1638
1638
1935
399
4077
2538
594
1128
1770
2487
264
789
753
981
2199
735
225
780
1434
453
585
2535
696
582
555
1893
198
267
3798
768
849
2775
1179
2004
1551
561
849
729
1521
1116
1458
2838
1062
1011
1344
3402
966
945
975
1758
1899
4431
699
117
117
1782
582
120
120
783
177
2562
1626
639
2883
1470
1116
375
3198
726
1737
429
2190
1053
2397
1713
510
759
1626
495
234
636
1482
879
2370
216
2355
1092
1056
918
900
1515
963
771
1890
1125
1467
732
3237
726
660
1158
1491
303
1179
981
570
999
1281
552
1479
372
615
2463
789
210
1494
918
474
1401
1239
1602
438
1395
1914
897
1626
1044
840
594
897
1455
1407
1152
825
2826
762
651
1119
3162
888
1266
1512
1305
1101
1326
657
2283
2169
639
723
666
1359
954
2307
846
501
2442
1752
1053
450
1161
2892
1839
795
513
2541
252
3105
1098
576
342
1323
918
2268
753
201
2994
3468
4932
1161
513
795
1383
1500
1434
1038
1962
1038
1041
2019
1572
1500
1782
1758
1098
1062
1341
1128
2016
639
1068
3174
1278
1152
1929
1089
2010
252
2547
4725
1779
408
693
1743
213
309
657
690
2808
204
507
3012
915
1008
720
1785
1152
1611
882
597
153
1059
966
744
999
930
981
1023
786
1797
669
870
759
2880
2097
504
2730
2610
378
597
1728
1806
2055
1617
2580
2706
2832
1029
471
1485
354
504
672
1770
288
417
1173
1272
1248
564
420
1629
1731
2439
1911
2199
483
795
1350
1110
1263
858
1779
1122
1347
1851
447
1290
1344
2781
1332
1302
414
810
3006
597
471
1767
516
3642
1533
1329
1185
1488
2790
1974
1299
1068
1716
402
1209
5559
480
225
1737
882
873
1638
684
1497
1554
1047
987
156
432
570
594
2229
3204
783
549
2511
2049
1212
927
186
5307
345
1212
222
837
2019
783
1146
1545
867
801
2529
1398
1665
1167
1650
3852
2202
2811
2730
1098
1563
711
486
501
663
204
1680
3663
1635
663
495
1347
222
2244
945
2748
1767
987
3537
333
1692
999
1269
2187
519
1008
2037
1518
1884
1215
2805
636
1683
4095
1071
1416
966
699
1485
543
615
1110
708
1008
5256
390
1050
339
1935
3516
798
537
1935
3516
459
1044
2763
384
3387
1959
1275
366
2268
840
1632
1314
618
1380
1590
681
708
2373
891
936
534
1032
819
165
1455
990
888
765
1002
852
792
840
996
2943
546
885
1029
1911
1956
789
885
1527
1497
1332
1323
330
1980
1323
1779
1986
2793
1722
1404
567
1641
645
1590
717
480
963
651
654
588
309
342
762
459
645
1830
672
768
2019
1422
1212
1239
243
2841
216
1341
1257
921
2067
1986
5130
834
5127
819
1194
651
1428
2010
3303
528
1794
789
954
522
552
939
1506
657
2277
294
378
1374
579
987
348
657
582
321
1035
8877
636
534
348
369
4302
1755
1317
2091
2592
1800
1020
348
1113
348
354
2244
657
1860
2784
1110
558
210
699
966
501
1035
2544
3402
1233
453
411
624
348
960
1974
1188
789
3162
2187
1824
1389
2673
1923
1122
1077
714
579
801
852
627
2313
1119
687
153
1089
1110
3390
2508
3423
375
4026
237
2052
3276
2451
2229
1065
1089
2208
2496
894
1479
3606
1215
1287
360
837
2325
312
2364
1515
150
909
303
387
90
168
378
5010
2352
1212
660
507
1122
1839
3021
1473
231
1329
396
1416
1110
1755
1635
627
384
1332
2010
1869
1632
606
1413
987
1554
807
1362
1464
819
1572
1479
717
534
2106
1338
219
2094
339
1695
243
1866
1440
3843
618
1485
1923
1311
5385
1401
375
945
2808
1332
1140
621
3756
4509
942
996
708
1278
1005
588
588
1422
447
2808
2208
1608
471
639
1116
2679
2847
417
624
717
504
1332
486
444
390
1884
1872
1959
1509
1533
2070
1296
1923
2772
954
2478
2694
1083
2175
2913
2367
948
1560
942
1689
171
504
1506
381
1410
582
2244
1266
549
876
297
435
2793
708
2814
3072
822
1956
3414
963
1287
537
522
2808
2934
693
585
963
1506
1056
2754
831
1422
288
3240
1170
453
1146
660
921
690
474
1665
1239
2190
2577
2376
2280
768
639
1812
1452
1566
1344
1266
1179
1317
1395
1290
954
1980
1818
315
1194
840
834
6018
939
1548
2037
345
1683
1140
711
777
672
1365
1434
840
1380
1467
1743
1815
3327
3351
327
4266
1404
1854
1740
744
1299
909
753
1347
873
870
984
1032
363
1419
258
1023
915
1002
2532
921
642
1296
1020
825
1401
2424
1977
1425
2244
1593
1149
894
1575
1461
2019
2115
1113
1782
474
798
1104
1737
159
1248
1155
3663
1020
870
888
993
1065
1782
1065
918
3618
1377
1488
1380
1734
207
645
1335
861
417
822
978
558
618
858
1386
1467
576
405
1050
3237
846
1602
1218
1206
2046
1278
5046
1230
1290
1827
570
1608
645
1188
1767
2178
5757
183
489
1227
408
375
2100
2439
753
1014
900
702
246
249
468
627
2640
1188
1737
543
2103
1434
2868
1917
2823
345
2781
852
1422
1452
858
1203
477
1785
354
3762
2334
1644
1158
387
2568
8229
495
1719
426
1362
2667
1665
3183
7032
1188
795
1653
6846
2967
396
1869
2523
1194
2505
675
774
2643
1023
1641
1404
249
1713
780
1161
999
1455
4026
522
678
1362
1680
1257
906
1053
990
2109
729
738
2046
282
540
1725
2478
4656
513
7233
1629
522
5718
933
798
1302
2829
2094
1023
1044
330
3159
3258
1977
567
2763
348
3417
348
2868
174
1386
4887
939
2946
1230
1056
693
1125
1002
1302
690
2883
1956
873
1821
1026
1404
1095
2301
2370
5274
1818
1146
2061
1542
1497
3162
1725
1047
1386
816
3678
1161
1074
726
486
264
1326
1050
1074
618
777
2181
6423
1854
2403
1332
1521
2367
1350
828
1446
666
2160
831
2340
825
1671
906
1257
1164
1233
1893
489
672
669
1944
1557
2448
768
1302
393
225
3123
2094
948
1500
1110
1221
3633
624
717
648
1179
1392
1002
237
1233
3213
1176
987
654
1371
669
1731
729
879
2217
879
1335
1377
411
1485
153
2718
2247
378
783
2472
561
1728
804
765
3231
1005
714
1488
7506
3303
657
1125
1398
1122
2106
720
1950
891
363
3300
5790
273
210
2205
2199
1059
720
1308
3864
1695
3504
2430
303
963
1071
177
951
405
2070
594
2601
708
756
189
309
6384
1608
654
2709
585
1182
636
1422
1584
2052
651
348
849
405
435
2370
300
204
615
171
579
1776
1791
981
474
996
339
2658
852
1986
3198
1032
777
483
1629
4383
144
975
3021
702
1299
687
1065
1164
315
2013
873
372
2502
867
2550
1014
7203
237
1581
1362
1614
447
684
831
354
2007
609
2658
1518
429
3165
999
267
3000
2625
441
432
297
1335
1005
1236
801
4527
798
1347
1044
3669
1902
1248
894
1863
2340
1218
2604
3906
540
303
1683
1014
1374
1215
1221
1134
2562
1791
891
753
1434
1650
1851
1368
1176
5364
804
1566
1017
1860
1374
570
2553
1254
1863
1761
171
594
324
915
2025
759
612
597
2613
2088
453
939
2469
1881
1128
660
1290
5061
4911
810
735
2199
2562
423
1209
828
1143
270
1698
912
1614
858
843
3033
411
864
2238
222
678
657
3627
2076
1188
849
1896
1635
1635
624
3915
3120
885
1701
942
3033
738
1332
3561
2412
1737
384
708
1356
495
729
1269
1434
246
903
735
2283
318
885
1170
1497
1920
555
1209
2610
1743
2709
1230
1005
1905
1344
1815
2817
255
1890
1419
258
1320
3657
1353
456
384
2061
345
888
687
957
2238
840
924
1476
909
1293
942
3603
660
1299
1593
750
1890
1770
1524
171
1626
1221
585
423
711
342
696
1095
1086
183
2124
1350
1194
1353
2214
2952
1053
285
2763
759
3606
3291
870
381
297
402
894
543
3798
420
2211
1953
1536
795
780
1155
870
786
2220
1662
1920
957
426
225
3234
1065
1059
1065
600
516
564
579
2520
2103
1191
1221
546
609
600
3522
1368
648
1245
1740
846
927
237
2067
1371
375
2112
1335
1266
234
1821
1050
609
525
1221
921
372
1113
999
1305
588
912
1230
900
891
246
786
759
2988
1686
273
2475
1254
1371
1602
927
1842
1143
2439
951
684
504
1734
525
1767
375
474
3420
525
999
579
165
990
2343
744
4374
816
546
474
711
1527
354
2568
312
546
1692
2328
747
915
606
711
618
3117
348
2886
462
447
1074
2019
357
2085
1542
1626
537
3252
1257
2133
1071
2673
630
516
2340
1122
951
1284
1653
636
1347
891
1284
1656
711
729
1290
1269
537
1269
600
2040
357
636
684
1161
1719
1524
3327
510
351
1605
2661
1515
1044
414
1680
1521
1605
1941
894
2091
819
888
1257
915
1314
681
3489
426
1989
1716
873
996
1512
489
687
483
426
615
402
1422
345
951
1917
852
408
1047
1755
2085
2547
3177
666
1392
438
453
630
1698
891
558
1602
4248
2898
1035
1122
945
1416
309
273
351
2100
4203
636
426
447
336
987
3600
1233
828
6255
1569
3678
543
87
87
1341
246
2436
771
87
87
1614
1143
351
1164
1482
1584
387
1662
1371
1419
684
732
1395
1089
405
1050
1062
1785
1353
2763
1941
657
654
855
1986
495
1050
1464
1338
873
951
648
4020
1101
1686
1710
1599
1608
1362
1254
411
2508
3117
1131
741
570
1422
324
1470
1659
498
153
645
663
1296
1350
1653
810
840
810
300
930
1104
654
2541
375
294
897
387
1119
1404
165
1614
1569
786
687
2010
819
336
1911
1032
636
900
591
549
525
471
480
789
1275
1263
2211
882
2577
2262
3033
801
570
936
792
2709
1899
306
561
363
369
1164
348
687
1884
609
165
990
666
969
360
861
846
879
1845
825
2811
633
1641
282
312
219
2355
312
612
486
2601
891
966
351
1896
687
2265
1689
3690
696
696
1455
795
3216
720
3852
1323
633
927
189
228
2649
1305
192
1854
1248
636
804
930
1494
642
783
1623
309
2799
1002
582
1449
168
561
564
267
576
561
642
624
225
741
276
1749
360
2070
3123
609
615
3177
2058
2634
2130
189
1251
342
432
579
4224
561
522
600
396
324
1362
678
1515
966
468
444
1803
1239
210
1065
1722
2358
369
231
2142
1191
1542
711
1062
687
348
1161
1224
762
156
1302
1731
3147
870
489
465
1080
6267
1869
519
1026
747
450
4923
1518
1896
627
165
330
1029
486
1740
1251
2832
567
501
3111
1026
1452
1233
999
1743
1890
336
1890
198
3873
612
2871
2148
1596
657
960
816
498
411
444
726
2592
570
2172
570
444
198
2112
378
915
234
525
993
417
1050
1611
1878
915
2754
1224
1929
3441
579
1041
1059
2391
576
468
1131
870
981
543
1683
4926
1848
1221
3126
2163
1215
465
609
750
1047
525
1119
408
357
1395
9135
585
453
2763
1341
519
1089
924
2961
1932
1023
1362
1002
894
477
1779
1443
225
669
981
1371
1461
1014
4128
2118
1647
4773
672
1695
720
783
1389
1737
1194
1038
903
1635
915
618
4407
1116
1026
4425
837
504
582
876
915
984
738
762
579
531
549
1776
810
861
1950
1416
585
1776
747
2070
1317
798
1521
1182
1926
1329
963
255
690
3300
903
2406
1020
1056
1446
1533
2880
543
2133
945
1101
1419
2103
498
1095
849
1953
828
480
813
1833
1638
3990
2361
255
339
1140
2916
1440
6246
1710
1524
2511
2787
1512
474
1119
2430
3096
339
1155
834
609
4839
1563
1362
1593
1110
1113
786
633
3504
558
1230
1089
1434
456
447
546
2091
498
990
471
486
690
1089
2415
912
798
240
930
495
924
1077
960
1362
903
1098
390
1377
354
1047
264
2922
753
2526
2136
780
846
369
3309
633
774
1260
1002
978
2538
327
1932
342
1695
717
2820
861
753
402
2118
2511
816
696
2568
585
582
1713
1587
2667
939
3987
1218
516
1284
570
372
2505
2829
1824
1413
420
2469
2775
579
444
1305
2184
2151
789
720
1623
2160
321
1935
972
2214
846
1056
291
198
978
252
669
348
1026
1281
711
3132
363
1353
417
963
831
5697
2217
1356
1902
1536
1461
1536
1869
684
1113
2274
558
765
6000
939
1341
828
654
4278
777
879
1017
1251
642
1773
648
702
555
216
303
465
219
1089
273
444
1338
1041
1218
225
372
2976
1341
3594
1272
2472
1770
678
360
2022
2646
1161
714
585
567
933
1359
4554
1338
2943
2568
4416
360
1710
177
816
3384
1227
1194
765
2580
2016
1425
2451
1524
423
6000
1578
2484
354
990
1245
1809
981
4026
6648
1872
993
1386
2052
1779
660
690
630
1422
1254
567
1029
3015
1485
954
639
687
798
2601
2199
627
2394
168
978
1137
519
1299
2373
771
741
2109
3939
1632
2553
6546
789
1707
1332
375
246
546
1650
1596
1140
2847
1746
5238
783
2016
306
4227
3669
1743
387
1443
735
2013
3348
771
669
2130
1146
4077
1044
2376
1470
1113
2652
486
840
1032
1326
2802
996
801
375
255
1605
957
2988
384
912
183
537
729
2010
1593
2541
543
1794
1620
1017
1521
2472
345
1269
1686
1341
2031
3693
2808
990
684
4455
1425
1329
1983
948
318
1023
831
573
738
1989
810
1497
1083
4356
579
1572
708
2802
1509
2541
972
1536
480
948
537
4050
2538
1677
627
2361
387
648
1563
1482
1176
627
1611
1164
1671
1380
1032
894
435
2193
486
1233
1005
792
2061
579
2019
939
1908
2277
522
852
1068
1662
870
759
1665
1662
2337
1485
867
1875
1035
603
621
1185
1344
468
2412
408
1194
756
2268
1290
3558
2040
954
2925
441
2727
1020
1041
2184
3666
9333
468
879
2577
2808
822
918
1755
879
4725
537
1062
1731
1326
705
4518
1200
597
369
1464
2544
2265
3162
963
705
963
315
984
486
1095
1011
1059
2109
711
2184
777
1251
345
405
351
4398
960
825
966
381
1761
1383
819
1071
1395
1281
1632
549
1800
1242
870
1089
1008
906
1539
726
1419
423
348
474
1335
3198
546
999
1881
678
1410
1122
759
1896
1332
246
546
936
213
843
924
363
603
1032
1140
3135
1332
2631
717
1410
417
837
1554
957
2145
3159
585
1821
396
2649
1110
2004
2178
1521
2445
936
2193
483
1230
1224
660
1545
942
621
1365
1737
1074
1713
816
2736
732
1104
936
207
720
1173
225
750
1488
4878
1569
396
4371
1122
1092
1923
1509
2664
2430
648
822
2193
849
1818
363
483
1032
324
1905
792
2685
1902
774
1719
1137
1509
1671
4215
1554
1488
1266
1311
900
675
462
819
3774
1836
393
3699
2613
411
1443
1260
2721
1422
723
978
918
744
702
516
1101
741
1086
2091
765
1548
1083
1950
1542
3915
1347
399
759
1110
1140
1302
1068
1092
1581
1563
2829
1104
2655
2457
2415
2106
1476
1908
828
1302
750
612
3042
471
783
1086
1452
1002
1494
750
1254
663
1236
909
2163
4674
3468
2094
657
1374
744
1476
876
1449
462
1524
2220
408
3288
1497
1728
171
2949
1599
1293
1293
1002
1215
816
732
2505
2127
480
627
219
1284
696
360
978
264
10362
1062
2064
426
1839
1761
1002
1113
2304
1185
7005
1299
2658
885
1347
1725
774
1434
1860
1380
2232
1338
1173
3453
1656
1539
1023
816
1260
927
1491
1590
1299
765
1413
777
1497
1473
1386
1854
1926
4746
1320
1653
780
3654
1077
3024
687
1203
789
4113
1833
5898
543
2118
852
444
2487
2076
639
2808
1800
1488
273
2025
1563
423
1212
1794
375
1878
1446
2349
1581
933
2709
3294
543
3003
1992
369
3351
2991
1038
657
3966
774
807
2184
645
1041
807
477
1632
1539
1350
3951
3468
1866
1638
2574
1833
1074
1419
990
2343
846
1296
726
3261
786
2709
1167
2205
648
873
1059
4485
3759
945
5349
1695
4494
4389
663
3354
2025
1644
2325
1437
762
1698
1158
1764
3300
4257
2358
1878
1140
1014
1068
1374
459
495
1542
771
3165
2316
609
825
1110
834
1029
1332
1422
1608
972
849
1455
1125
3069
492
1095
1263
780
2391
3156
882
2799
1626
1698
966
1212
966
3669
1752
1383
546
1614
3078
585
645
1848
1863
1929
657
1347
1842
2331
1605
402
1065
2433
1086
213
1941
2940
552
1905
1881
951
411
537
1152
2259
3405
798
909
1356
966
675
1989
894
387
2754
1803
2025
1233
1512
1032
1830
165
1959
2151
891
3555
759
582
1521
2028
1251
693
885
720
1716
2910
777
2733
1335
2505
393
441
618
1830
357
1143
2118
1374
1068
669
606
582
3303
4332
1563
1287
5154
2235
5412
1068
3906
990
1269
1266
1482
1524
2781
1119
1557
813
1002
1683
1290
429
1998
807
1353
2301
720
768
1269
2673
1521
2526
1629
2010
567
582
267
870
714
3483
492
1305
1914
3141
1542
711
3744
1104
393
2193
1887
4125
453
342
387
1521
1896
1212
3294
237
600
2994
222
1995
4314
1731
588
750
1587
1998
1845
1563
2796
1098
2547
3801
984
516
864
276
315
333
483
3246
1668
5385
564
1425
7056
930
1773
1683
240
1047
2622
3507
3384
702
1440
489
1857
621
2325
813
1209
1125
3747
1383
1020
204
1809
1410
1044
2106
3438
237
1512
1608
849
525
1116
771
843
2529
1254
672
696
1275
1962
1470
1248
864
1707
1731
1674
3468
1620
1101
1236
1656
1311
2460
2406
936
828
210
1821
2835
1191
1080
987
465
1290
1098
4293
480
1077
1059
1197
1413
3384
3294
1365
1641
2961
1674
1641
1674
372
4482
1260
921
5409
1299
465
270
1407
198
1056
870
1737
1413
261
975
1107
426
3708
552
1080
1335
1944
1341
1578
2292
2967
2724
444
978
1095
714
531
504
1518
2019
675
2277
1266
744
1989
1470
495
543
552
759
2754
555
882
408
693
336
3963
1038
1488
198
1335
1998
1224
1119
1002
729
408
1407
2487
1839
465
1800
384
1140
960
1443
4230
309
2127
1320
1041
330
471
1653
435
333
1665
612
1134
798
975
978
519
873
1086
1056
2532
912
1191
3552
495
1599
210
3948
4500
1296
1971
1191
483
579
1335
4650
3783
1710
999
675
1554
2448
2064
4116
447
213
162
225
1641
1662
1074
2613
1323
4857
1050
2856
1710
1305
195
636
1053
318
1581
1362
300
1206
1389
1077
2268
189
864
3606
2643
2421
1080
522
2817
804
2913
1401
1860
3114
1260
1866
2949
1311
3621
1656
1302
2169
1551
1470
477
726
2922
309
1557
1008
726
495
903
1317
1326
822
1950
267
852
837
696
2172
537
420
702
618
360
312
177
1401
432
1557
597
843
1281
624
2322
1458
150
1065
3657
510
1254
813
507
1815
411
1038
2244
1557
387
1383
414
573
288
1350
1557
1206
2079
831
153
1347
1236
654
660
1578
810
1611
459
396
2703
1329
1002
3240
1341
813
249
858
282
489
471
939
615
663
765
2739
897
1203
1173
1467
270
4194
228
1260
1059
1434
246
816
1176
1179
1281
1548
729
747
1314
1320
1497
1428
1995
516
1881
591
882
3435
1800
1881
1983
924
864
1530
1569
1002
414
810
1509
267
582
1125
1101
1497
1629
1125
2268
1152
1143
1014
294
633
954
870
1428
963
906
372
363
1980
282
657
1035
1854
447
987
669
1797
1020
180
1323
729
711
189
1293
1686
630
1320
1296
1026
1071
1269
315
1470
1527
1395
1260
1629
1365
1812
1827
1719
1374
2655
