400
291
18
393
506
486
184
74
647
243
223
689
299
714
306
153
91
103
30
91
148
311
57
319
327
88
166
463
199
1139
698
474
2119
2582
1103
1037
574
222
436
282
244
530
1032
1332
1687
47
560
423
475
205
490
260
53
154
35
6
3319
1973
134
16
1047
1038
405
308
361
1549
369
114
182
1814
41
39
2998
3078
652
2049
199
7
512
2858
368
129
849
362
2476
3261
55
111
4235
1763
218
818
796
149
281
638
554
631
317
583
587
904
74
6618
293
1359
23
114
2592
47
173
508
3694
629
304
5128
13
702
352
172
3296
1861
176
6647
871
500
15
409
453
1209
18
5924
325
2097
537
1199
188
1897
2332
2472
434
320
372
4413
1022
626
1302
602
551
622
1952
503
1616
250
1413
858
170
2280
33
2307
549
98
938
355
63
449
733
21
3268
585
268
467
34
1415
1247
784
801
934
628
530
1438
394
226
685
1601
1168
754
369
7840
193
269
910
2137
344
5013
3828
740
299
849
158
675
287
423
757
1591
314
145
1313
243
1014
942
141
361
1116
1058
46
1540
350
1269
44
979
546
33
1653
2479
3056
1060
1428
236
656
971
673
266
551
463
481
386
583
1490
1171
185
1862
1905
594
279
287
1159
2322
2585
285
28
89
172
72
10842
142
1541
468
1687
243
976
1045
192
323
609
747
296
1022
858
914
940
101
641
1537
972
345
887
1471
273
834
1007
254
539
18325
1816
418
708
259
3003
421
1008
437
505
831
407
90
1193
747
524
2725
724
328
500
1053
854
125
410
1887
600
1341
2409
1626
2225
658
1294
250
198
1891
1082
601
1233
2345
409
1887
1868
328
678
165
237
1064
733
744
1079
3385
302
1890
252
778
1207
1272
133
1304
323
476
627
797
387
448
404
1374
2778
2306
335
524
809
674
299
2461
4281
691
991
908
148
495
172
1471
2141
905
584
647
343
1982
2618
244
300
990
577
268
922
316
1193
3753
884
891
2232
181
219
331
661
174
296
966
189
381
189
124
793
2699
184
798
1299
1056
1378
1142
1099
372
1050
1608
293
373
892
1091
593
230
295
4926
3693
1715
3481
11753
1449
476
2148
650
431
562
762
2876
1054
611
715
1023
807
899
1057
639
97
167
1194
500
1599
466
1095
147
675
24
450
389
625
700
542
457
359
993
653
636
587
7472
3283
202
529
354
336
1354
1344
936
490
902
668
445
1435
1131
448
407
292
1675
1020
260
1123
1036
1120
514
514
219
447
68
177
366
292
851
172
730
328
791
211
639
2164
2359
2064
1063
191
332
180
256
635
1497
690
421
1170
779
112
1950
961
1153
48
547
517
760
382
521
274
1108
383
214
195
955
154
266
1863
295
66
984
1844
398
358
716
1047
3953
536
311
115
200
375
289
373
735
411
462
100
31
607
2102
2618
663
265
8088
857
12423
512
143
447
343
376
4074
113
7805
3704
2165
708
504
1532
1380
130
1109
777
289
805
1136
1002
670
997
723
4026
915
676
196
505
425
255
2234
575
94
748
303
2540
1318
993
198
870
3615
636
752
1671
1932
1196
266
629
1392
133
890
1142
532
1523
847
575
1085
532
2560
2685
1664
385
1752
931
1011
776
1239
733
1411
2216
160
290
542
3852
537
985
1571
311
681
824
611
394
850
840
1395
7629
1078
755
311
163
417
989
254
1992
807
736
1464
1423
394
414
1159
2352
1498
119
197
4813
399
2413
1279
301
1056
677
429
368
924
1238
370
540
6224
404
522
459
636
1133
609
779
756
920
806
2838
532
2206
226
652
260
2390
635
265
1106
1043
1212
408
362
1168
562
1526
67
2960
846
489
1764
14280
1587
320
477
3922
611
1074
340
708
3270
547
610
476
576
354
304
130
202
157
4967
197
513
159
849
2113
609
986
2850
1333
594
156
1387
227
1913
345
834
267
950
237
243
102
362
327
579
351
662
419
2794
6204
780
1752
699
445
200
333
118
2036
344
553
989
478
440
247
443
137
563
1140
1123
2401
920
1125
8557
198
4728
362
342
8669
7974
256
641
676
1368
161
312
560
1062
424
1277
346
2446
803
810
61
313
1159
324
1600
377
245
509
2763
816
732
825
6053
881
1268
646
834
365
1470
365
339
255
1776
893
702
725
579
1946
2865
1235
229
344
225
1440
442
2357
1093
697
1182
590
1263
570
1048
609
844
194
8
610
513
340
246
8600
1540
170
1193
96
842
667
1301
1811
8139
144
289
618
354
2684
1005
328
137
309
9225
516
43
495
1357
341
631
180
1060
820
2546
602
17523
89
2241
3644
778
2058
2371
3676
10422
575
690
375
804
235
1500
285
68
59
221
103
267
1721
543
578
1848
296
318
1328
276
540
1171
45
11388
457
81
19400
14243
231
260
863
1793
964
6057
4221
546
1180
141
517
613
195
1771
891
499
524
459
263
561
411
892
205
1180
1601
720
133
1175
151
723
131
226
771
866
2854
1189
694
234
238
237
1030
538
504
200
236
426
15188
2017
232
540
3326
169
443
174
388
311
1143
1561
319
823
1179
687
612
503
85
756
1073
1393
1067
1672
1419
689
1132
261
495
290
507
746
1077
692
70
2287
201
495
2510
366
96
404
612
249
539
1148
255
624
2113
354
176
259
3831
930
1103
1481
1806
659
1139
1215
829
392
405
2518
885
1501
960
575
1667
616
1279
481
1624
916
169
237
454
1594
529
2451
1018
1483
1368
1801
400
1002
185
3105
343
982
11292
6556
555
829
606
2104
1966
41
3199
1195
480
2292
1860
286
655
578
980
157
699
844
1540
2217
382
905
174
315
1529
1575
1048
731
586
549
234
461
717
372
495
242
2290
788
2816
3118
1099
1447
1350
1035
185
478
476
921
1580
179
336
268
388
614
1030
1319
165
4016
992
381
278
1027
827
322
833
181
904
743
459
798
961
545
3029
2557
617
273
723
1327
1690
199
663
2378
815
412
810
1246
238
1456
1434
778
3465
606
837
1922
1141
813
279
393
1344
449
417
9744
1124
2466
104
267
485
213
611
296
1186
1033
1239
521
570
1466
291
816
606
1116
1709
143
1343
617
395
423
572
553
662
885
826
1010
889
533
184
1932
2364
521
2369
956
314
468
543
703
352
1612
406
257
799
561
668
5284
1541
322
7546
213
310
282
62
174
191
344
420
5381
498
40
259
890
1655
256
362
1814
7339
1768
740
394
253
703
820
733
1225
1165
1569
1345
1275
2047
574
607
659
11632
427
2172
415
1237
1855
1222
597
907
563
806
1074
504
287
584
1242
155
427
435
2878
727
1123
859
376
4707
26
176
1745
1626
1582
2228
538
559
278
759
1458
449
1459
2014
2323
1087
464
2107
844
4882
741
1426
2424
552
235
216
578
462
53
1844
1345
3521
541
3076
1008
319
1006
3118
1327
518
392
2556
2424
1161
1556
543
1162
2188
523
1097
882
92
850
975
1693
565
492
620
470
32
357
2812
2167
644
6979
1245
1074
1558
205
253
651
153
308
367
408
7641
1359
242
1284
352
239
316
1626
1111
781
1355
738
325
535
380
180
1627
684
1086
1069
1351
1559
56
4055
1087
6878
334
2325
2302
995
1176
573
1179
3664
1469
6532
233
383
6243
1004
356
1606
250
29
512
239
451
511
302
2273
688
1926
1010
1436
336
338
134
785
262
2121
434
458
1407
186
682
1398
509
1922
414
577
802
190
626
1726
2305
328
536
25
2247
64
1212
4491
869
379
709
2431
206
621
663
583
2256
552
583
107
842
254
1168
56
1368
2137
1037
467
2237
752
243
192
699
672
785
802
199
612
1227
651
534
885
604
921
721
428
264
1226
2437
472
1216
910
493
1667
1211
323
1440
1185
265
586
352
746
3385
233
149
6723
699
1331
2076
395
878
6512
310
324
345
648
457
332
66
1273
1111
359
127
411
647
431
154
344
413
247
272
196
818
210
6413
144
655
295
1171
1971
1750
762
2339
2489
745
1489
350
250
569
436
642
237
443
136
330
456
871
5820
1584
1383
456
2342
852
1656
320
562
1981
670
1105
103
269
1988
624
683
1622
450
680
2363
385
162
375
1324
520
629
891
806
2642
2479
945
824
1523
215
761
262
476
169
414
3220
404
274
200
471
1248
169
344
477
905
276
436
1575
146
267
731
124
251
174
1485
421
1724
540
93
712
386
383
430
461
316
2014
255
528
806
687
228
299
774
1015
206
195
288
594
2947
202
379
327
262
5
155
590
182
1899
259
1102
387
429
292
192
1134
994
126
376
367
767
202
858
1087
1056
293
320
109
89
472
1003
807
1005
927
844
277
530
307
102
792
643
459
619
392
113
1060
390
499
162
147
403
1249
486
1046
588
1220
510
634
669
292
156
861
959
666
2459
649
337
1215
235
563
1239
1369
978
501
1515
36
4338
233
5171
5834
270
1967
16702
2872
353
32
1722
8221
550
320
789
1332
1984
793
1276
424
395
142
800
31
993
1711
975
377
925
324
5105
3387
3065
900
425
317
490
1625
783
1314
375
1138
338
381
523
495
422
74
1236
241
1099
659
231
946
949
395
3123
537
1002
198
11758
153
328
860
1275
1025
734
784
2735
219
208
519
1258
1
610
1452
644
1256
2334
340
1775
1101
403
409
979
809
332
184
313
2356
2320
1501
333
2493
169
1011
237
686
354
292
2185
957
461
2522
488
1881
1065
342
542
313
436
274
339
1188
1342
264
1238
1087
236
194
131
203
1551
717
1296
612
394
107
708
94
521
585
2827
364
643
1146
233
265
418
815
640
502
370
2609
903
226
972
2914
1224
787
4617
623
239
1954
1490
1324
1061
1380
315
107
1355
625
443
330
1664
1174
2540
9023
4735
1281
1238
1323
1613
429
126
913
2478
660
1579
419
304
504
1090
317
585
697
42
1533
429
589
1758
143
116
42
103
1712
282
640
1398
1188
1230
152
415
570
287
303
59
359
293
393
848
1386
329
1167
322
953
264
875
1526
409
461
588
1147
140
631
570
980
508
185
1584
593
724
564
1417
130
692
244
406
1302
5940
868
694
1312
191
824
1547
1845
3953
398
1483
1384
309
2148
213
1240
547
1024
989
1249
343
611
1117
1481
63
586
773
474
320
1275
614
466
122
768
1039
511
441
423
761
1961
2323
1445
1746
1405
1791
1178
267
308
405
1121
1381
544
700
2678
1709
4257
304
597
4233
484
1017
3067
3708
148
3456
1810
1319
724
3412
179
3738
598
3424
394
893
515
469
1190
2086
769
945
1103
752
563
323
135
1020
550
266
407
1506
920
501
255
301
1415
502
1166
293
378
368
1501
267
2164
315
253
589
562
218
560
249
542
699
621
369
562
1121
1437
415
6678
912
1564
134
846
41
919
1408
2396
779
547
806
781
164
2032
537
126
3246
296
529
1915
54
3736
1016
162
1623
257
2861
260
1115
632
941
177
394
60
965
2254
460
694
2490
1128
955
447
359
541
899
390
1364
505
1200
1510
1859
2301
5616
321
1088
6038
262
1583
467
373
1392
524
308
385
620
96
643
349
794
775
479
719
905
379
870
813
757
1016
544
220
587
438
438
1857
990
1671
2106
451
899
1183
1108
8037
727
1308
413
966
774
1133
870
9147
1928
2572
12042
381
349
259
851
1021
1965
501
1033
571
996
423
1347
162
1732
2775
636
1938
627
259
1053
1270
79
926
69
184
1045
152
383
2447
989
390
483
474
768
416
371
874
868
602
1128
1318
1157
209
576
187
5189
567
263
196
1902
978
5344
2116
261
172
1360
932
564
822
182
678
602
697
345
1069
787
954
216
212
287
412
1321
1364
659
938
421
221
1166
257
593
452
39
456
139
2221
31
319
729
268
1159
182
83
584
488
2607
647
463
17942
16012
470
568
163
621
588
747
717
443
445
1264
229
624
401
1969
350
1045
231
652
1953
711
318
1434
594
314
1259
621
611
1025
759
674
535
661
529
1760
595
260
251
2123
2149
923
1166
1531
974
1543
1470
379
290
152
1906
301
931
996
1225
442
338
236
544
428
463
1408
289
385
1270
631
1090
1371
4
271
551
2267
211
557
268
2546
411
1141
596
145
464
334
2114
702
743
932
819
1166
628
544
85
1350
317
387
3011
1114
2131
717
28
8757
713
857
168
1640
569
1964
322
2032
361
334
1086
410
372
840
978
808
6166
2875
3897
4497
826
338
653
129
622
209
4680
266
491
324
934
369
1222
7108
23
640
13533
3543
530
32
13949
814
327
90
225
596
1008
137
853
644
448
133
239
481
3258
1919
341
601
1007
1440
563
1018
515
1461
2775
909
524
453
567
202
162
132
37
138
417
444
559
594
658
267
374
459
472
1146
640
337
127
8624
2622
43
285
1242
2457
27001
2612
342
356
226
73
884
561
968
351
82
400
844
1195
900
250
502
254
1560
278
697
901
712
105
738
458
84
727
1116
377
703
2395
899
1321
668
938
228
416
393
382
283
457
100
1035
366
1080
1219
838
661
408
707
420
924
1645
1529
352
2097
4486
878
1504
668
1276
74
712
798
343
1648
2049
504
492
291
612
848
108
890
1189
4193
151
16054
175
47
4033
782
586
203
145
898
3485
157
1981
356
485
1245
1007
288
219
403
258
1034
37
406
834
359
366
1419
403
472
1301
150
81
3021
222
1156
193
819
1301
86
641
263
807
524
1491
533
449
367
606
507
848
270
1503
644
318
871
1654
6
1067
1713
1083
517
3068
1372
788
1306
1045
460
1139
836
738
1047
2145
683
1809
1011
246
883
427
1212
277
122
1392
888
741
972
1121
2161
650
1018
1415
276
2058
1703
1273
1343
1117
174
955
733
434
1590
1391
121
841
860
1284
728
252
2350
1220
512
921
557
878
1639
1095
3968
794
150
1189
1891
756
714
179
2279
1521
511
771
823
24
407
290
855
748
1415
1990
575
245
632
1695
421
747
4660
913
184
1026
569
163
340
415
1248
541
569
636
1113
80
261
654
490
1009
590
397
107
798
1667
922
328
2554
1164
1018
158
1603
35
922
828
518
398
388
949
547
1076
461
21752
308
319
509
2076
871
1146
621
15648
880
2493
1159
274
788
500
384
1132
880
398
240
5121
325
867
743
1091
1533
132
1210
565
257
439
1043
261
417
760
677
1005
1029
443
377
1788
1063
903
339
2156
549
880
448
106
1501
188
5466
3230
552
237
2147
2001
2199
890
1303
1535
649
1580
417
3202
1505
599
1687
312
1212
4064
3447
588
1366
1863
955
2540
224
1590
2051
785
549
863
136
402
1318
3866
3377
4743
278
1739
5345
6914
9860
655
3474
598
361
654
790
614
337
1823
3402
642
208
32
1026
930
414
592
754
306
584
484
823
1501
1008
645
1321
855
1166
2445
1637
3007
1222
369
667
550
1074
705
251
114
753
193
1187
1980
418
65
341
202
127
268
364
114
1224
4028
645
1484
1508
801
674
869
1533
399
1018
835
66
2082
1509
277
2134
907
2314
1290
938
639
428
343
4098
624
662
169
483
3447
3508
977
539
3143
166
419
214
7970
255
400
146
1659
1854
1457
500
171
338
187
3362
20
730
3945
7983
2863
653
1049
218
3375
1120
315
646
2028
647
1117
334
800
2831
1760
5616
685
519
457
944
994
458
689
1760
502
661
1138
1192
512
211
851
957
452
2803
1415
310
558
2669
385
638
537
2986
1017
309
79
1177
1404
511
1306
520
1306
1098
387
482
1821
53
335
670
736
2116
243
1372
218
2397
454
619
1326
22
1087
2453
758
877
1196
1358
349
453
3161
1795
741
87
545
951
3222
234
176
912
1116
468
1548
176
487
1642
881
1054
416
661
1664
143
761
672
375
605
1603
508
2275
528
224
443
186
180
425
434
584
1102
3055
1303
160
615
451
259
1026
775
871
561
494
407
1261
4512
477
1198
693
1435
557
310
977
63
550
1545
4440
815
454
457
887
854
119
3279
909
317
104
248
308
1784
436
879
953
207
1698
333
573
1075
694
2409
610
629
287
1575
7167
223
1682
1380
456
56
415
24
73
208
897
41
5720
474
4179
340
200
369
1093
656
297
521
1340
1524
816
897
1321
1013
1295
487
575
385
1150
490
357
644
937
1384
304
819
341
1110
826
924
968
911
1025
468
576
153
2133
3642
1358
4766
1209
693
1601
3527
1039
513
384
613
1634
1487
409
807
3778
1433
554
184
289
160
1074
2389
131
822
621
182
484
348
2674
1033
2951
1144
283
20
1259
323
356
1191
126
2918
75
4932
2271
392
372
1995
777
2236
207
477
462
1585
289
584
625
648
622
991
423
315
635
634
2174
460
670
747
396
553
830
692
424
2416
409
284
856
111
6933
498
3813
2451
512
471
129
201
233
267
189
662
176
336
1926
1440
205
729
663
157
654
2068
754
807
512
1724
1406
466
1445
983
468
260
1663
198
604
825
959
346
507
887
93
348
255
351
481
1212
333
183
262
2861
1676
545
3263
1582
302
1051
114
1543
422
691
2742
4290
1171
7924
197
181
637
152
497
748
1107
170
764
678
144
732
1117
149
772
691
389
2292
599
378
2137
466
2300
412
324
445
1005
360
2367
6870
735
619
333
127
168
233
2248
541
200
688
192
423
228
1571
564
585
491
286
1825
1236
1331
164
45
425
1011
1601
1899
1846
554
244
1963
198
435
978
1270
279
604
974
502
979
1089
316
433
370
323
1552
878
2261
1115
2456
1293
138
526
426
541
347
5082
526
292
967
470
388
811
1356
560
740
385
333
653
236
282
394
447
128
4689
375
1120
283
431
527
289
895
1547
255
1047
1569
1012
530
439
440
339
256
97
1663
175
524
1122
735
289
751
790
65
222
134
770
1356
330
84
486
2344
2883
140
1380
977
579
320
547
547
104
933
890
235
720
776
1052
649
248
99
892
1122
428
1168
120
1196
1602
180
171
791
1255
772
1899
759
785
70
1662
1436
3591
1700
622
313
38
488
433
500
619
923
1027
4712
459
208
822
631
387
428
195
607
822
1289
3845
1558
408
814
159
144
829
219
592
2135
635
1515
6069
43
1288
493
403
880
405
340
536
392
580
920
155
1753
299
773
450
517
471
1162
1225
3940
423
1158
302
449
1235
380
349
541
1043
439
2674
707
3759
1399
76
1546
269
289
1707
139
975
167
4564
3446
4995
3592
630
567
401
30
191
2070
968
846
854
1170
763
8803
995
932
606
808
1366
999
843
310
4810
1067
598
2193
1576
1831
342
11480
89
1755
375
487
211
718
443
18345
10647
1696
3300
3723
4156
7343
7915
332
484
3259
14460
548
741
2062
561
494
1652
7690
740
1499
301
800
1184
948
580
784
1115
872
413
520
459
896
2996
141
1078
330
356
1459
2533
643
1795
502
1486
1196
1744
425
455
1574
1932
2040
805
1727
634
894
886
445
1967
1797
652
3191
479
760
551
963
545
690
808
779
406
421
281
838
750
1361
916
7379
765
47
377
8744
3774
390
82
1459
109
113
1398
1509
1225
1340
644
726
443
199
1037
738
968
926
1394
264
496
2509
263
2962
699
53
1214
309
501
1189
3358
334
1546
9878
1913
692
1265
2056
1334
953
933
1233
97
847
237
85
1362
1229
5370
896
3937
513
2465
1017
1430
878
279
564
1492
54
664
591
211
1750
1074
741
239
649
1569
892
546
900
839
606
298
420
611
1036
196
34
1376
259
449
975
320
1657
3393
509
1069
2542
1175
1011
583
623
699
108
320
1022
602
1036
857
321
32
391
529
120
871
200
1348
35
999
520
473
456
961
1270
1483
1042
225
503
459
1125
423
450
273
956
432
369
310
1168
23
921
836
273
597
5715
3919
629
467
645
1305
1626
261
304
4238
608
307
1830
629
631
978
401
216
999
100
225
245
2953
394
345
550
223
1102
539
873
665
454
56
740
387
316
2480
824
109
1526
441
274
819
532
1116
711
3469
247
900
67
39
964
257
1139
1069
1166
493
202
448
1565
209
1023
1737
56
226
100
4296
894
70
547
410
893
575
180
809
115
441
73
296
457
1187
5482
3005
442
3210
341
742
1582
1638
717
767
153
680
379
376
83
641
628
998
366
1055
1270
634
511
1067
117
403
654
368
198
2456
1450
940
562
348
2071
405
639
762
50
173
164
622
495
217
2229
406
387
183
78
476
1053
287
528
1867
1577
1797
91
148
178
133
770
1097
259
955
685
414
808
261
889
906
404
1192
91
575
266
584
790
1345
1140
270
1037
2901
214
462
448
2184
497
290
342
421
170
1141
286
294
413
1282
478
674
1119
709
297
66
236
80
422
580
506
679
1052
166
348
198
67
193
39
172
81
174
437
1659
1470
540
108
166
947
766
91
43
172
1039
624
1368
55
536
1131
190
173
122
250
428
483
298
261
119
84
197
429
408
658
264
331
1724
596
318
112
327
697
86
82
294
204
296
78
738
88
438
624
241
603
399
36
1583
394
303
599
3439
333
467
553
124
317
358
1197
809
2984
605
760
276
561
980
156
116
126
964
146
1343
322
429
616
314
330
181
587
269
116
637
219
101
785
556
1473
1134
264
162
267
777
803
331
1727
1421
2151
1705
650
468
1028
515
1124
549
425
587
641
2839
161
844
328
500
364
483
638
13
2
1280
109
214
980
134
1455
583
470
362
194
890
2669
1564
1909
689
1230
687
3877
738
505
503
1566
781
169
126
469
794
3933
383
1783
459
353
132
1199
773
857
636
65
286
390
112
292
1309
1038
347
162
131
2166
1922
346
558
274
398
260
145
352
137
808
1013
195
190
212
585
654
580
98
732
580
1182
579
28
785
601
321
306
3212
662
7756
612
167
3568
270
564
441
713
145
430
574
376
317
323
374
337
443
162
1446
1320
18
38
916
1766
1681
254
1535
487
72
110
1965
1084
30
151
948
430
386
409
487
188
2052
2641
250
1247
403
474
1111
235
506
421
217
1182
292
603
377
543
739
436
627
2198
224
210
231
217
1236
217
482
89
750
686
748
433
602
443
2214
2012
1269
262
236
700
3391
1433
338
2524
2234
229
232
177
1032
100
862
1906
43
712
3095
7911
8499
237
307
542
134
174
153
138
372
789
20
85
1160
690
279
814
316
509
589
201
523
149
401
628
545
233
265
1149
475
778
711
877
387
1076
926
116
383
361
408
501
2713
828
295
207
279
672
537
738
15
735
211
333
746
279
1585
1299
258
682
459
2612
986
2487
1221
1524
557
815
1662
388
103
313
149
4179
1160
2453
339
1257
366
566
1459
951
1323
523
1840
2944
234
868
269
1488
1593
438
427
551
362
235
164
1694
812
600
284
378
1469
160
1280
619
2162
585
2254
122
1421
526
252
391
1746
410
492
90
372
737
181
275
484
1841
2307
8060
284
85
318
307
144
480
422
895
317
1529
533
344
166
1761
303
261
341
462
450
30
182
555
1273
571
1004
224
248
429
690
21505
219
3405
125
5071
249
1308
1818
1915
4051
1073
147
1499
376
1106
940
1031
520
799
58
1419
145
314
345
589
695
2044
802
454
322
435
792
1427
1008
752
1245
73
1395
804
544
641
2326
1981
2671
713
168
976
205
725
166
699
1758
155
1072
26
1060
261
1
1930
1302
1276
411
2070
1403
1127
1104
537
1120
475
645
653
63
468
741
737
1007
52
464
1573
252
1225
564
615
247
600
1760
637
804
516
7712
392
774
4
1012
129
4198
564
419
209
1318
1307
398
1264
17
23
953
166
1702
334
955
349
238
328
2474
561
1226
729
649
2062
15132
30
138
30
735
389
340
1703
807
1413
321
976
29
408
2211
1186
596
2380
1431
1147
355
1182
128
369
740
504
670
1466
1168
1479
791
634
623
439
942
706
115
1405
2024
241
726
1359
412
1576
58
1264
407
222
1038
400
154
485
457
247
396
2970
1386
1383
2
470
276
250
1477
2214
778
1693
374
1748
1927
545
1491
281
1305
751
1096
364
559
463
181
564
5247
684
1935
731
1592
894
1336
2139
2659
4492
2500
4820
890
1269
256
1332
2272
1031
8442
272
330
958
6903
6536
2710
2251
792
809
420
1155
64
820
1053
404
835
667
415
401
245
1330
188
547
177
1176
2026
1636
293
681
1049
467
1706
117
1537
566
232
555
252
278
428
983
1262
518
4344
500
723
563
546
368
415
74
453
414
481
678
585
350
580
66
853
4108
458
335
202
300
270
2639
722
5635
194
704
187
170
520
315
3770
14421
278
861
1741
82
118
79
55
313
354
1038
528
835
1496
290
1267
757
835
617
3
1100
608
632
434
579
2004
517
392
170
264
2237
298
759
155
780
139
110
2117
2530
8895
1764
2080
339
127
283
357
767
1259
396
701
1235
1232
901
593
1068
717
992
165
4970
1639
608
95
369
1416
91
802
485
1724
1372
167
665
390
622
1194
1108
209
4542
364
416
421
112
600
1532
271
337
720
428
707
205
505
1059
251
368
418
1310
315
347
789
130
1051
746
672
233
913
2684
119
371
210
155
696
94
372
429
377
1130
690
358
467
359
1150
471
154
414
390
876
573
1229
973
2947
1135
592
338
1015
770
2529
706
468
608
1528
2853
233
44
814
275
867
981
668
1168
311
323
503
466
197
1454
422
537
1014
176
1171
347
367
317
138
204
460
25133
656
1915
341
820
1137
1511
1104
323
451
359
498
625
666
1297
384
192
164
1116
1314
1059
2755
695
165
307
574
1688
1616
783
1385
1130
703
108
1043
1189
837
2237
889
2106
5705
2176
2220
1335
309
833
1097
1085
1611
648
1380
99
152
1203
1533
81
804
837
142
153
720
2236
2636
1030
2403
2493
176
406
675
422
440
3333
325
543
239
278
421
143
514
1442
239
662
736
579
777
210
814
180
1280
2837
353
256
868
8
566
269
179
148
150
262
3037
741
321
55
1782
619
403
367
275
309
1946
2048
2407
2152
480
245
225
381
837
2221
370
196
1930
956
67
217
1294
34
126
1136
1021
581
568
646
345
85
602
210
1626
754
483
338
797
1053
514
1149
714
1705
776
129
608
125
102
265
400
165
774
394
173
572
212
383
2322
240
323
302
228
148
680
3445
350
266
714
1166
554
154
666
29
138
407
323
749
242
454
103
237
113
197
878
2846
1161
182
113
1022
191
265
427
184
478
552
1214
859
100
46
240
427
275
322
2970
1383
4855
168
55
888
477
282
466
407
559
190
76
648
82
1082
313
631
874
923
625
171
619
371
231
558
849
567
272
211
636
1254
369
476
284
193
865
1218
162
1243
1672
215
101
304
378
45
563
185
369
1633
123
527
531
1510
723
825
480
825
555
281
801
433
2317
8014
1942
1305
1650
813
609
176
905
266
176
913
364
269
844
461
365
682
213
1189
242
219
148
508
689
951
378
281
43
588
195
352
211
380
285
340
221
930
379
161
228
161
258
250
1087
715
840
567
300
73
160
265
60
403
304
219
36
16
180
157
15
496
1050
341
222
130
913
225
6
231
887
273
851
361
170
359
326
1140
170
1924
404
745
394
35
1253
288
1473
160
590
141
146
1200
278
895
917
551
153
303
1121
45
394
289
1919
1808
830
65
532
201
26
1333
157
3409
381
235
235
264
204
222
415
259
455
172
512
712
296
913
322
1849
363
115
15975
1086
1745
381
717
3635
6616
24273
245
195
1982
386
210
338
229
331
445
614
3694
176
301
890
1551
260
830
251
849
1873
1286
1105
2241
170
308
296
1468
951
206
954
309
193
317
512
147
510
1672
4363
6232
441
1847
1159
432
654
168
351
343
636
320
606
625
730
290
2264
240
669
2202
73
1093
382
398
290
35
466
889
1793
368
552
578
268
134
186
1029
8223
465
5303
2833
782
1538
865
1068
38
513
388
408
245
159
448
767
864
496
301
1200
448
451
966
313
1379
186
1000
1250
279
2596
469
1360
1305
244
200
208
920
1803
243
976
253
1563
195
866
110
2973
422
538
223
1366
1236
309
3327
515
171
275
555
202
135
308
670
324
292
206
2316
177
331
241
2335
167
1563
394
2646
503
874
323
431
351
393
746
168
841
749
1772
2786
1060
446
436
378
347
830
901
217
761
2573
236
317
354
278
1478
1519
1698
1187
269
1032
310
7317
401
1279
447
617
592
273
474
387
435
594
1152
1679
244
303
769
3197
766
808
200
873
3725
478
922
643
527
307
333
727
433
1384
540
990
1278
1172
813
532
235
530
778
383
1353
746
2348
55
385
459
333
1785
640
351
374
477
579
76
18
3033
1317
1505
4502
2331
813
8872
6008
2228
1061
3288
537
887
690
294
3750
584
218
327
846
363
263
348
515
489
593
786
2147
750
1505
1486
149
285
1376
1319
1299
490
45
733
130
145
336
748
829
272
2333
2686
368
789
272
210
735
1224
537
2542
1624
699
721
249
748
1176
543
2419
2483
228
796
303
75
525
1381
266
1610
9723
362
380
1076
258
7482
390
282
1585
346
342
1580
400
370
745
243
1542
338
2353
574
792
2327
1724
678
2179
649
385
11462
860
3116
212
858
303
516
342
594
1536
1261
290
2691
125
146
366
809
1464
436
3305
6308
27
1473
4164
1307
1602
943
212
2418
657
1477
435
192
799
294
31
2004
1860
481
290
575
1319
3086
2285
1706
423
66
355
604
139
483
6553
2429
2129
214
102
577
547
274
387
274
996
490
1032
328
213
11235
261
55
28
249
310
888
198
1105
9286
432
314
600
290
412
433
1552
696
368
502
65
641
1303
666
319
190
51
131
221
719
179
376
722
1766
849
26
580
76
906
14643
1356
285
261
914
27
55
254
151
437
62
379
3012
228
150
251
593
102
481
6660
290
863
171
234
203
261
595
295
79
127
137
226
620
2539
144
393
727
516
405
1431
536
4894
3726
8150
567
867
766
405
3772
218
887
2184
12465
20416
644
945
693
242
2900
1904
794
661
2440
363
505
1530
501
36
224
176
252
846
246
112
586
3663
2256
270
12371
505
143
353
172
254
235
109
152
487
1499
113
347
713
608
270
581
506
335
431
303
2231
325
469
453
796
2051
1609
531
46
514
741
323
1800
290
216
505
223
485
168
92
424
1303
973
660
730
322
822
558
2572
11
392
620
527
3723
354
226
316
1820
236
3518
572
557
1751
234
472
175
672
702
1465
316
440
1695
787
2037
2230
835
567
536
369
368
568
1275
863
196
1110
409
1080
753
1201
874
469
5152
252
1321
43
443
685
1213
423
983
2207
1324
1638
135
402
1604
133
211
723
271
299
2257
1911
2621
1846
212
1982
376
372
192
149
3103
497
199
147
445
908
630
754
2122
2183
2225
233
190
760
562
196
2756
396
549
115
262
1152
5679
1155
1535
1721
411
649
1313
335
706
175
644
581
392
266
324
513
591
544
2196
1176
506
1038
6
245
271
528
641
737
275
748
422
310
1305
3973
1341
2005
398
169
22
279
68
284
268
190
336
678
292
86
269
224
36
551
1072
1036
794
466
522
483
278
231
6
640
792
269
3177
1133
394
939
1954
193
512
503
372
186
809
95
346
1242
499
129
185
623
742
1125
630
230
474
714
2489
275
252
292
820
3086
306
4
1334
32
1353
80
453
1066
803
899
289
187
255
385
2676
142
441
681
207
335
480
81
829
144
382
224
1119
1034
623
386
1580
846
1166
540
441
501
637
532
99
270
161
489
400
2136
98
586
942
14608
725
1345
537
1144
2194
518
151
846
617
428
821
1104
170
873
571
166
648
1111
968
671
636
366
2530
2385
630
592
1490
277
1442
427
396
871
726
1206
474
290
1433
563
349
303
1144
1183
163
907
511
20
592
738
2346
299
464
968
558
589
464
355
259
790
517
2068
1674
4379
477
568
324
261
544
1111
3740
484
354
739
1106
572
1230
178
25
865
451
575
879
664
1193
830
185
468
1306
496
1163
150
490
432
737
772
183
323
517
113
564
1182
2160
1192
506
447
814
720
840
923
1435
572
543
3767
694
2401
1182
276
994
2500
3018
608
1214
92
2810
489
163
31
7
292
1686
551
398
260
32
298
334
998
1029
279
1029
10963
1105
511
744
1130
910
449
306
430
317
613
133
520
878
316
443
784
894
1006
770
1189
645
375
1669
13540
9253
265
438
979
166
330
1203
2324
392
330
810
584
316
2555
580
943
521
454
741
600
155
308
497
683
1532
411
907
2575
1235
325
242
461
277
1482
495
240
922
1095
1983
479
895
404
577
529
216
119
847
5964
1114
895
479
1983
1265
920
240
778
7415
475
2160
5398
557
537
915
482
500
248
701
1503
2723
129
415
388
1759
643
756
1100
398
415
1271
518
15839
736
601
278
2813
451
353
138
280
270
99
187
171
7474
112
3522
990
275
731
359
659
457
2170
251
231
988
786
790
338
1044
1543
159
606
832
689
412
483
141
524
361
411
433
390
1226
527
5634
438
1586
219
73
1859
1135
692
922
771
302
879
385
675
622
1585
193
1172
972
318
588
1609
438
5198
1382
755
262
3878
424
3198
812
6842
86
665
773
687
190
322
1376
181
1855
2178
1367
696
249
727
933
500
432
387
80
1190
745
1784
931
1962
111
248
1356
658
1533
521
315
410
939
473
190
1070
1599
424
522
261
524
330
2185
427
1397
1395
8066
2199
3851
1375
407
848
706
1506
1176
546
1013
343
403
269
1781
587
287
3073
229
149
446
454
1630
425
708
357
788
477
273
492
1087
523
807
160
1331
483
1216
472
776
2878
459
173
560
519
528
2223
1248
331
3082
496
145
773
535
1219
1272
555
402
1880
453
136
1745
669
541
447
1863
361
2217
420
744
3196
624
838
914
242
623
975
3214
475
1265
1258
1304
410
354
688
513
1557
131
241
49
1035
268
800
1101
713
420
3285
819
317
435
149
262
1647
416
927
698
1263
472
498
74
142
374
219
1177
1343
301
279
376
357
1994
1456
405
216
228
1149
849
457
293
438
413
468
974
961
115
343
1161
767
924
899
383
486
444
842
394
1373
240
1152
453
524
221
679
1094
124
270
288
375
1003
348
1090
2340
2456
418
205
589
911
718
2757
636
143
176
1099
786
290
748
964
1534
104
201
978
746
1014
330
1379
1223
1241
732
443
380
1125
2250
978
1720
2002
1141
710
946
2716
8944
2102
163
408
377
727
505
154
671
1715
1139
163
996
502
341
400
1167
1068
1027
835
356
511
638
314
654
557
2893
287
6070
115
203
349
833
79
259
1210
554
1516
721
619
123
2064
250
421
49
735
393
775
639
331
373
2725
297
530
261
2704
831
186
193
2667
1334
852
281
957
504
657
261
179
133
174
91
167
4850
3581
443
1790
346
2096
7529
2884
108
465
204
209
14
170
251
277
164
211
165
663
2450
2351
2226
1257
893
925
389
197
131
163
503
236
35
239
761
322
310
674
362
1551
976
464
1262
1768
1121
386
506
486
213
214
183
420
375
186
1300
3035
1368
1221
190
310
639
32
1149
33
817
358
741
298
214
114
124
225
92
243
178
199
7158
2218
197
118
241
139
615
1097
104
163
452
174
4244
263
301
95
218
218
1146
239
728
922
414
151
456
971
76
847
422
309
600
121
960
352
27
160
278
265
252
118
218
320
364
602
694
210
11
174
184
848
284
141
302
387
114
205
617
62
325
546
124
553
173
486
129
892
145
215
209
456
262
1520
713
124
104
130
677
73
394
210
40
192
449
391
260
481
60
129
22
353
125
149
530
470
736
680
345
106
83
196
646
685
335
603
1816
110
137
446
713
58
73
237
263
87
298
539
24
285
1972
272
340
499
58
780
1302
276
2015
208
682
60
104
62
171
135
544
274
210
196
199
79
150
71
694
220
224
389
150
114
803
281
292
685
580
344
1165
5
325
1
125
322
266
306
428
147
153
51
271
364
420
98
39
578
40
154
602
513
454
664
318
657
353
267
305
346
297
117
627
118
169
496
126
851
61
388
1066
285
814
146
181
76
289
168
37
157
305
452
200
92
203
161
161
411
342
456
251
151
1643
1187
65
37
195
202
96
565
357
445
259
301
668
475
2130
906
359
904
203
326
313
236
93
607
223
272
102
69
266
213
57
204
19
527
361
409
230
237
189
169
241
312
158
671
578
378
106
740
236
253
94
393
356
318
181
32
377
188
548
56
256
401
421
201
250
370
322
175
512
158
154
1385
804
289
762
301
1221
178
15
160
147
133
61
162
200
253
87
298
480
437
258
406
177
30
351
96
392
274
201
164
45
176
987
604
58
288
188
138
508
273
673
266
79
207
573
146
232
56
184
139
43
591
495
1223
1586
588
234
346
105
143
24
675
307
336
767
176
73
333
72
383
419
285
32
1222
601
259
161
152
1276
733
111
195
148
328
198
353
352
198
546
1701
285
75
531
1058
952
180
351
925
106
154
69
218
121
346
673
246
968
152
238
139
216
2265
382
161
146
232
85
431
131
296
223
521
241
187
1134
221
1041
297
91
380
100
478
716
403
190
676
2434
273
4287
569
171
281
4866
427
185
245
378
1093
146
93
124
123
108
211
1347
135
74
846
737
155
192
181
208
346
438
55
662
234
174
57
1744
557
61
312
1574
1522
128
162
308
829
237
283
378
1027
127
299
119
246
77
388
2310
502
180
45
199
501
269
196
33
277
501
235
165
60
275
1028
507
486
513
199
180
998
57
1759
303
263
541
880
116
266
746
443
417
623
318
80
337
688
1987
2135
674
396
208
291
49
162
207
321
267
590
2181
288
1013
467
455
197
153
482
53
191
976
419
315
60
156
276
36
227
599
201
125
796
364
223
165
263
367
183
53
282
1350
1048
463
120
842
50
377
777
285
786
352
209
591
330
1030
846
3394
698
359
896
130
371
408
1220
281
1362
686
171
619
638
592
1411
31
183
550
256
651
1206
119
246
391
429
216
200
97
181
181
134
179
1322
70
248
381
779
807
317
194
126
384
650
649
803
626
1754
87
312
2387
1437
732
3092
1163
2923
1363
2755
1161
958
738
273
262
572
518
1940
1119
557
1534
393
807
841
1784
1209
6623
251
1325
282
211
114
159
764
32
270
70
66
443
47
872
265
136
1335
815
941
256
221
473
1233
156
319
142
286
970
1112
653
480
1369
49
1077
855
555
204
270
930
190
2883
2195
1449
943
1038
872
645
2089
2247
260
972
1995
342
137
1167
434
800
136
168
1310
6539
298
1698
574
549
1173
600
1407
303
548
1495
273
135
784
663
300
377
614
401
522
326
120
441
261
1105
389
271
924
227
442
239
150
201
567
741
523
135
282
293
35
511
500
556
121
1281
1281
168
214
276
97
411
195
859
720
612
1358
339
159
206
496
645
729
386
852
578
649
1848
456
1122
689
388
666
610
2807
54
964
299
254
3169
672
404
141
8652
1380
523
247
316
2913
513
645
1253
964
222
265
2366
781
68
878
1585
1197
3165
549
844
436
704
170
1591
1347
481
2107
301
231
669
539
350
200
1151
2550
383
2082
2107
130
638
334
168
209
121
810
392
529
387
1374
232
659
5032
803
1976
379
1164
343
615
507
1097
172
255
1215
16000
134
2188
702
594
894
518
604
154
1828
132
1698
911
561
865
484
4878
364
153
2555
523
1400
774
868
960
253
85
1176
1354
825
253
630
1356
1316
859
5313
456
520
1216
524
83
482
40
104
6493
402
1368
974
1165
227
1641
198
358
446
3675
630
560
2298
983
758
1899
682
463
654
1356
1132
578
896
1106
523
798
2013
1858
435
1144
600
3018
1950
695
1585
1946
1266
258
1113
1155
1626
217
773
1229
33
480
784
3821
509
2009
2285
16469
350
2200
641
1009
481
1104
1025
4965
5787
789
554
1548
2794
1911
772
1470
721
265
17
846
165
508
834
7635
211
574
532
689
937
915
482
315
108
1023
561
415
4198
676
1604
166
1013
702
576
252
1398
574
815
191
363
1322
1207
459
1495
40
305
310
796
588
390
365
187
319
585
278
3057
8988
2966
761
1355
642
764
320
1138
1901
184
162
1431
505
1435
46
1227
1052
613
1609
622
145
1366
960
2671
418
367
437
386
298
1484
298
394
1231
314
552
167
778
673
869
591
775
798
741
1694
1153
2119
807
475
955
874
226
569
809
1719
611
314
480
859
873
255
304
1954
1507
1341
613
1744
200
470
265
833
2375
1569
859
626
393
1374
682
366
221
608
59
572
196
317
809
308
618
582
712
500
270
383
292
253
1658
495
232
445
469
741
371
334
1151
4202
315
3173
523
497
1082
333
1238
1768
1024
1016
442
459
1509
648
799
341
622
903
676
1381
2381
351
624
602
1242
587
1252
1219
515
450
916
728
481
1488
713
529
238
773
734
285
122
853
1078
878
2344
1327
2248
467
641
828
561
595
403
622
946
844
1172
523
918
229
7880
561
313
1037
1210
388
406
601
6281
360
436
421
458
422
591
5635
6191
1678
738
795
478
822
503
743
1647
11052
401
843
2180
703
566
303
278
499
282
341
409
246
540
913
79
374
1195
301
334
2354
179
859
2297
438
1325
1442
240
951
1299
2435
571
1249
659
367
402
573
1689
225
705
384
1230
1665
692
349
496
1921
1703
4980
964
252
906
569
102
4333
898
424
317
298
764
623
412
352
256
1954
804
339
635
345
552
3679
249
531
1667
605
821
465
222
1211
602
349
1106
468
867
2231
554
62
296
369
972
274
342
423
379
1336
1130
515
679
576
622
3740
674
1738
442
246
186
307
60
269
259
49
1102
70
423
239
719
497
473
312
268
2711
3695
2836
2623
3171
421
2507
2920
679
13008
122
1540
860
870
221
478
437
693
2095
5479
2293
560
396
1254
3659
7443
796
412
231
100
332
4560
887
3300
861
1916
241
1321
466
432
367
663
717
1363
1575
350
418
1177
1325
717
1258
330
2358
346
322
444
544
721
739
372
7033
1810
11167
151
377
139
815
6537
551
1574
81
299
175
1006
475
127
412
47
443
451
2492
2440
3281
1925
386
663
539
638
561
641
411
3183
999
693
1060
314
543
885
533
1907
423
546
4222
929
970
2023
891
175
1031
135
637
848
791
657
4269
776
145
1422
205
297
671
376
341
259
285
3779
3299
873
1684
2256
743
1248
1152
1215
1108
590
249
1168
248
308
747
106
539
577
941
501
1793
1686
455
62
1070
580
2066
1707
694
421
167
867
1730
2435
322
425
1403
5667
657
221
181
2606
313
499
423
627
1354
950
166
1854
434
609
1073
249
359
636
522
383
1270
1446
1092
612
399
882
519
585
676
906
268
2
2749
399
815
273
179
861
420
172
1934
291
190
147
189
434
184
97
700
118
685
6088
653
3658
1236
1107
1073
9569
4639
2966
533
96
155
351
258
447
277
22
448
316
270
150
10
157
554
277
771
262
279
380
980
72
233
221
365
246
480
841
900
1271
565
572
270
203
270
1920
515
899
767
655
7572
167
124
371
653
499
4248
236
392
221
594
1320
4300
115
1493
418
32
418
784
2054
1402
212
373
137
428
3799
438
31
312
760
71
817
236
310
364
83
182
682
1735
110
221
498
110
91
64
118
391
239
490
86
1263
240
1148
843
376
66
692
261
812
1289
881
698
358
262
238
637
1704
276
904
429
283
608
377
1104
871
462
1471
282
174
189
57
690
398
160
350
1001
596
327
453
607
2261
1139
319
464
1
637
8452
57
1113
429
3452
6929
278
604
808
4597
1428
436
596
555
2599
913
266
229
121
433
433
1707
183
164
396
175
495
186
113
835
211
2135
1885
1144
197
532
119
10
360
603
855
1072
323
282
59
294
741
312
1320
1099
280
129
314
1305
202
2216
1341
264
434
1612
215
106
729
1356
701
202
526
761
873
347
145
173
312
457
253
400
404
994
360
131
196
310
727
349
179
869
2185
263
178
440
236
969
2683
171
531
747
225
180
1034
100
816
1146
403
1510
1457
1816
2065
550
430
24
1375
425
214
722
839
1260
828
797
428
674
175
74
1512
995
542
1648
493
608
509
220
413
225
599
492
940
3697
191
402
4359
480
5413
224
1263
628
1561
1798
2110
114
598
102
306
800
398
275
1398
470
1219
175
144
127
560
1018
108
514
633
217
332
620
215
532
139
306
2469
868
112
398
159
273
728
267
211
113
76
694
3559
13
816
715
2441
296
508
201
1366
1337
858
913
2597
177
673
396
312
228
216
13153
4551
478
1021
972
2183
1613
954
714
513
8754
432
2413
398
1147
1797
299
537
192
1133
30
276
804
82
194
186
270
1030
1090
329
124
679
440
656
255
491
357
232
885
254
1390
2028
463
2881
310
1541
1907
538
252
267
72
932
1212
394
80
857
448
234
1805
670
1665
1835
737
1635
562
858
586
1058
2134
32
658
228
248
622
1236
22
161
762
1002
276
271
801
2521
1573
409
673
551
767
2130
407
607
799
1206
366
856
971
452
59
532
3520
1758
294
1911
2110
1335
188
182
781
973
1500
551
382
983
567
631
376
620
640
497
702
411
225
1013
869
390
368
618
1280
3511
384
993
406
336
714
1301
158
1019
2283
833
3554
512
172
139
413
745
391
776
29
404
91
1152
354
1327
1115
610
2037
191
1056
1302
326
270
1718
473
468
348
615
523
251
720
400
634
142
3385
532
890
229
1187
44
1449
109
521
275
244
919
12
297
387
263
577
980
70
589
490
690
3409
876
2725
892
701
513
363
411
798
6950
1141
600
1494
438
2404
373
381
540
616
1490
997
1088
617
243
928
153
174
221
430
620
1330
1022
325
302
521
228
299
1561
492
1026
1763
973
1119
1154
442
1613
580
2495
270
1298
772
699
252
3008
4333
2244
674
81
1098
373
473
2869
309
856
1640
250
675
218
1638
585
385
397
760
2115
539
3550
273
2035
1704
834
647
121
389
666
509
79
31
176
125
1541
114
966
1504
343
572
4272
1698
649
201
169
263
338
3444
767
4524
250
620
1587
513
705
758
1359
284
596
755
2228
7189
1829
714
849
411
595
659
624
1478
2517
380
498
1270
544
587
97
683
419
180
503
30
471
1489
1368
189
319
258
664
5933
815
1365
448
186
164
227
144
28
217
548
337
589
1917
260
424
1954
355
329
1356
504
1677
578
1496
651
766
613
1251
448
1446
3891
5050
1459
891
401
1272
985
689
1505
807
2193
950
304
155
317
156
447
68
539
59
1956
725
248
1029
487
3571
193
688
207
143
1133
1240
624
203
1741
393
154
459
1330
1676
88
1154
2840
55
233
373
737
860
2554
1701
520
842
2281
787
4637
564
2080
129
1148
350
519
1526
1133
2035
237
1147
39
676
474
5083
4334
350
1754
651
382
953
789
223
1355
1891
255
1279
583
3656
265
580
950
598
265
4016
2306
2192
462
222
390
325
332
231
2
1209
323
213
1057
206
950
45
1935
1325
666
1879
1578
1394
1150
590
346
922
755
254
1840
368
2413
290
1557
183
3780
891
1144
106
349
1437
618
353
333
578
186
202
728
195
551
348
305
198
310
200
1218
54
739
46
485
494
208
631
372
1162
336
63
233
346
1928
420
537
1162
394
1325
949
2152
691
1454
1094
524
170
743
422
1127
654
2017
2197
960
314
556
653
1226
577
998
317
1428
1147
545
686
1598
454
299
11696
1357
356
2394
625
537
993
553
1152
1451
618
1410
895
1801
908
871
267
533
1427
1608
1885
2738
277
902
547
113
451
2563
43
1947
762
1127
623
711
39
1546
2012
387
1273
106
321
416
401
1361
337
1476
349
980
1119
272
327
614
387
263
213
375
85
1451
1118
582
899
964
439
168
17024
1057
967
1180
304
452
1084
741
499
540
469
325
899
453
892
627
1140
221
88
536
1323
1023
3537
782
644
288
1788
832
113
1623
349
1691
1611
491
195
896
1058
107
492
524
69
392
715
658
335
488
299
926
913
631
560
531
777
851
622
845
166
4105
1949
429
144
137
353
508
743
327
232
268
627
1068
63
1546
135
219
343
175
571
232
92
251
361
1565
707
690
2055
372
182
459
3139
2089
851
1038
26
840
256
803
632
459
578
180
42
480
991
438
629
701
212
588
421
4
1240
146
474
862
764
2402
310
291
874
4918
647
703
586
765
527
1045
792
1166
967
601
1570
2042
15008
1465
1223
889
7486
320
6522
286
1252
329
1340
600
41
240
395
809
538
867
5037
388
501
3709
1284
224
361
320
86
289
468
469
219
559
750
432
334
299
396
194
386
386
716
522
189
318
195
203
320
270
355
2856
614
281
215
277
2505
263
20
394
294
138
661
200
236
472
402
564
448
392
1801
335
395
587
3927
554
152
560
568
351
110
91
466
1111
103
463
557
216
692
860
49
503
138
188
463
1386
707
225
196
585
110
458
120
278
553
762
186
81
249
97
856
586
613
226
224
277
93
456
2546
1447
273
371
63
44
112
311
231
460
1305
664
154
1156
430
375
464
168
400
97
211
823
1541
132
667
295
682
1067
274
2837
331
2354
736
911
235
79
1040
235
204
539
752
228
141
167
447
731
407
417
1138
75
377
55
138
397
325
2377
358
460
327
246
230
326
333
381
623
285
363
155
392
361
1922
2228
860
1811
422
239
802
718
209
973
362
827
296
68
323
567
598
1185
613
2120
3796
215
670
496
195
395
318
835
165
548
1604
194
258
560
290
291
343
160
203
204
1100
368
1884
345
570
171
580
91
465
142
435
300
133
201
168
464
82
194
158
383
1244
446
307
64
294
264
61
504
669
245
1071
218
44
305
216
121
187
886
186
793
981
171
1053
385
6521
1911
860
401
222
231
222
640
53
141
212
1076
473
236
327
183
509
506
413
267
443
293
225
182
256
359
50
258
661
309
359
2497
893
66
199
310
508
584
223
146
799
358
265
489
365
247
1072
50
673
264
364
919
865
271
157
123
3028
373
1976
1353
981
207
234
314
134
367
215
538
231
444
327
388
629
141
724
463
1399
185
1466
1194
2132
3296
1786
834
49
600
454
172
1718
890
561
361
576
50
87
380
963
203
1071
394
515
333
928
201
465
189
139
912
684
20
316
122
227
386
201
195
201
405
224
114
759
156
775
1046
324
738
358
85
101
424
353
253
590
373
311
831
2166
938
205
129
841
236
161
357
93
108
508
1283
387
413
234
447
50
552
1085
172
270
370
454
417
310
208
236
148
370
616
318
1067
360
682
352
866
222
462
221
149
360
574
307
1802
511
712
310
43
331
359
917
265
276
36
29
288
140
151
694
279
139
582
674
192
145
171
1133
256
1611
444
45
779
47
444
316
378
176
175
359
400
84
166
204
262
255
165
244
207
933
3114
213
631
328
51
181
337
892
208
408
292
705
194
402
133
139
227
19
89
239
160
134
98
106
271
274
777
4948
12191
20940
1089
1587
17747
1970
2097
39
72
51
87
90
211
594
202
200
261
175
512
376
154
504
421
278
446
135
123
87
224
678
151
245
120
157
225
145
473
175
394
159
164
205
800
572
566
435
894
357
620
222
141
234
459
157
94
971
487
95
1061
144
553
469
1451
626
711
430
1009
441
396
1691
462
656
1652
286
433
82
102
41
168
1205
1358
168
128
261
1964
550
141
450
285
147
254
93
2154
247
572
95
134
239
245
283
230
163
215
794
1383
634
2728
2352
43
535
108
352
335
227
961
110
488
309
62
116
345
1118
433
2299
217
574
147
764
415
279
493
1272
389
400
233
170
4202
1149
3044
70
1220
2119
1184
1110
192
170
93
3581
5485
3523
504
316
1453
346
1686
772
11
516
254
356
277
376
603
195
136
30
177
1012
276
170
310
274
1009
2014
1058
275
619
457
968
195
563
559
12
187
200
533
1488
1772
1433
3465
1082
487
242
1169
963
994
142
1790
691
515
173
210
114
80
296
376
3744
315
246
76
1748
1433
3342
910
1364
1047
312
167
39
695
763
116
295
770
413
890
122
277
968
1025
603
513
1802
543
1714
193
2124
731
1578
1089
336
27
130
284
2018
470
453
200
2714
952
104
680
30
323
1605
4408
1033
1955
364
2952
268
218
1000
306
831
847
2399
134
656
810
284
327
315
141
250
239
274
323
906
693
1274
935
137
1065
1936
773
954
899
1132
1502
42
669
180
1683
1799
567
314
476
454
562
2617
7078
424
361
1593
1229
409
199
765
1402
813
610
438
563
100
567
581
496
417
649
244
490
1510
979
1911
121
677
1318
729
89
298
290
1272
504
640
914
286
695
1590
1154
510
2243
631
962
930
580
648
1348
2441
508
386
778
302
1242
128
407
1318
374
405
2071
960
257
102
98
554
1150
1703
99
490
215
307
315
366
1032
1361
142
623
83
141
1733
1268
3480
850
299
270
495
1376
401
514
975
243
186
1193
788
1036
670
1013
495
1040
284
296
326
377
643
2181
1188
474
1405
411
426
697
290
144
374
91
432
1159
290
412
684
150
1217
259
7102
4827
826
4635
2431
1707
1106
899
3026
946
2095
1628
1051
562
675
1845
1064
727
450
434
437
445
990
21
867
352
1097
116
477
340
880
407
1398
1419
1123
633
532
405
1135
2153
708
1053
2432
15218
721
9761
418
594
935
1064
2101
196
740
467
655
3848
62
33
621
539
855
1333
168
267
1082
595
868
872
103
3006
256
1655
415
656
256
1139
1738
185
10
774
186
254
279
5700
5952
212
722
361
475
661
1696
689
800
1685
439
547
416
2242
1367
1184
197
7453
7534
282
950
991
202
1158
177
722
465
1533
831
187
813
1311
315
858
792
1051
524
265
538
69
86
810
683
634
963
2975
876
11275
376
433
1558
406
534
709
889
949
1551
1795
635
637
995
809
739
990
268
582
732
1306
366
693
674
386
2997
2041
33
310
1484
664
308
2028
380
1360
4290
2907
5016
508
519
544
462
900
708
2506
212
1788
719
1302
530
3022
2181
818
91
104
553
788
692
641
1
1147
130
151
11852
183
938
728
163
775
805
708
429
182
526
271
582
706
456
826
789
197
1340
6325
983
260
384
521
775
2069
2436
369
1684
297
1585
1012
736
1333
286
655
2979
537
346
272
811
1572
406
193
6281
282
345
626
556
225
1685
1327
720
267
175
5111
561
1159
497
891
1126
373
2606
441
1607
1243
288
407
1517
545
72
607
624
1193
358
1
165
231
1475
980
2789
374
2274
6207
5483
1374
1516
1862
357
1766
2156
1324
695
1300
665
858
1000
9650
465
7679
11855
10446
2036
413
349
853
427
370
783
338
553
1718
96
402
736
429
611
165
336
912
81
903
478
1351
1637
805
605
9804
1847
555
1054
745
71
150
226
224
1263
312
518
418
655
380
1499
379
41
560
12365
727
630
891
616
349
340
1011
1393
214
304
698
895
2339
127
471
55
637
15553
427
408
4306
518
2234
147
162
270
3836
243
1078
234
816
317
1817
81
1361
1319
1148
146
352
479
375
522
1105
180
92
832
273
244
175
31
198
563
2143
445
420
700
416
1236
1384
216
362
4127
1627
329
353
122
335
173
189
5220
470
631
469
776
913
1103
750
1244
147
457
1708
627
216
2409
362
711
1274
74
144
536
269
183
73
45
234
822
214
328
857
133
252
264
623
1500
255
920
445
54
491
203
410
685
434
160
493
168
552
131
107
106
925
297
103
555
141
489
1517
217
431
220
265
41
379
389
179
160
160
159
1235
510
533
405
467
475
2447
184
374
79
223
150
460
391
295
200
173
487
316
11
1164
152
253
327
707
135
339
646
608
238
328
90
517
451
777
788
620
2055
2078
2539
279
441
428
516
181
137
240
426
1019
212
149
1352
462
424
253
445
72
267
44
111
136
125
248
197
52
193
1697
454
651
226
1167
610
80
283
172
95
162
57
475
146
295
150
487
113
488
238
700
262
69
28
180
344
262
708
1377
173
188
1851
311
172
333
1177
218
355
11
353
162
989
370
192
724
393
273
892
831
150
339
283
520
98
66
231
193
2521
1081
428
709
312
183
4
211
347
944
6552
225
1098
308
2036
91
148
1372
4
161
340
72
240
58
634
413
125
94
148
1428
724
195
67
252
180
85
68
409
213
113
105
250
410
308
421
926
525
1780
252
131
673
110
43
671
298
289
258
130
1402
566
607
361
1660
1017
509
820
145
374
582
167
438
1393
403
389
152
129
93
534
45
362
2144
237
127
376
269
460
302
259
204
31
1
1486
371
153
197
335
79
530
351
129
699
242
181
176
811
389
98
204
716
209
81
3108
116
1393
264
117
311
121
474
76
206
242
1132
318
559
81
159
474
631
244
157
661
789
80
108
161
202
79
309
1125
120
385
140
130
610
1399
408
420
382
381
28
244
402
160
302
158
160
155
99
198
481
256
803
228
130
450
611
116
764
44
239
215
443
500
343
280
177
276
107
112
376
592
382
84
118
103
399
971
390
132
140
152
352
242
741
251
238
942
476
192
508
41
336
38
1010
119
524
354
313
176
2136
279
20
222
397
162
159
256
517
1789
2085
948
509
125
26
827
398
293
108
269
350
1106
143
1304
488
2879
1201
454
1819
283
601
548
137
501
497
466
336
40
1092
361
176
428
298
1228
41
502
488
1044
759
143
80
132
87
220
134
320
386
456
112
354
136
82
146
420
35
602
427
212
89
355
147
136
379
22
88
643
372
347
187
121
485
375
509
418
457
265
274
695
94
99
185
98
147
539
27
160
25
1135
508
386
541
240
250
152
631
490
749
6
256
260
314
165
76
141
111
231
144
26
346
372
145
144
29
154
168
112
173
68
67
7423
19697
9443
7019
29423
3212
63
128
25
569
321
224
290
256
1101
675
106
557
211
347
118
87
191
440
128
110
160
125
442
64
143
62
330
46
47
247
1933
201
22
228
132
448
627
377
497
1065
400
157
710
639
709
482
322
546
254
187
124
384
188
502
353
696
95
269
401
1029
339
397
233
390
783
163
59
222
520
1100
274
76
1867
237
92
580
612
235
248
514
156
3433
5119
1847
1416
480
1936
781
559
237
944
726
149
217
156
2027
288
75
275
610
53
315
354
733
109
458
240
371
761
336
1190
453
758
511
9
403
195
180
244
396
535
257
579
124
91
350
1452
1874
4047
442
557
455
49
241
1359
48
1237
619
506
315
1406
1541
509
893
292
443
425
317
179
785
1506
169
264
350
1899
469
338
516
214
113
1260
135
18
106
311
997
270
569
284
5411
254
581
113
243
215
162
326
904
520
89
663
853
256
372
85
1204
528
526
663
1573
568
234
373
514
1059
623
588
175
206
822
404
1630
290
221
629
1508
563
8102
546
217
3983
173
130
312
205
600
209
275
129
533
278
763
255
534
714
700
148
214
2128
2215
425
464
221
322
232
247
1823
27
3399
2727
229
202
651
599
401
187
1156
881
847
188
319
983
1372
297
627
794
251
620
314
1091
618
87
354
244
453
3218
1562
2863
523
398
100
362
754
409
462
1938
1271
173
623
279
190
198
409
1039
244
397
362
624
663
85
131
490
266
1708
630
1578
386
88
907
72
367
1062
355
264
522
271
631
491
717
261
634
1582
625
28
951
176
1449
262
1616
199
1396
646
361
645
1564
3604
1486
267
1838
471
408
852
971
636
356
165
1147
991
558
1711
1883
1344
542
697
46
546
1002
568
839
412
541
858
2125
1070
7938
2459
1583
22
503
121
397
559
1263
1415
424
262
3416
482
760
1725
753
375
1346
1449
1336
1682
1298
902
1579
318
92
529
1290
393
1517
975
145
109
862
780
1288
451
1716
920
810
947
34
388
432
471
1629
412
1277
4560
515
178
258
411
1700
512
470
388
1196
881
536
509
9260
415
754
256
188
501
10598
653
610
1466
341
2040
832
2992
438
670
175
436
159
1210
397
279
259
1727
617
439
1404
2543
456
250
922
928
1285
229
452
267
449
389
2279
1429
1837
148
693
289
778
1270
617
221
360
267
71
126
1718
383
181
205
220
119
296
831
1155
1325
367
1026
359
127
648
1112
15
400
154
215
463
397
485
358
416
29543
1175
870
177
550
870
394
333
366
879
837
114
807
479
497
255
1312
650
195
1165
1607
689
1810
617
156
457
1298
834
251
254
724
587
730
416
742
866
2197
1164
1018
1802
1529
1202
1475
304
699
638
2320
1616
962
757
3104
197
971
1353
113
273
1041
195
914
336
242
337
208
254
468
195
305
1240
539
4077
8048
1185
1558
1374
1911
1191
879
1558
1432
238
3331
2385
1011
1296
627
268
1081
120
757
619
3278
542
533
323
2026
103
105
1003
989
32
351
1284
363
452
510
905
987
213
1435
657
169
442
1744
2197
301
192
266
96
1077
672
1105
1063
235
374
205
151
164
759
773
526
1049
317
117
2821
1630
379
328
398
414
1789
854
356
8494
383
3547
851
1111
746
504
790
1598
1081
6394
1491
440
758
252
307
1484
600
394
479
25
763
541
34
25
139
1022
283
420
1126
1483
94
138
459
7746
9987
807
800
906
7799
337
2028
1020
422
696
688
250
122
849
766
261
225
1673
1967
816
1385
427
1719
434
1502
2593
1290
1204
2196
960
461
181
201
463
940
1130
2222
712
461
1508
322
904
1195
660
865
2276
1612
1008
1316
286
1243
320
174
78
672
110
1249
2355
617
956
820
472
576
216
70
1705
671
225
1090
39
433
762
203
105
145
529
1062
478
322
353
263
1727
297
573
643
459
503
1279
1205
383
1022
844
73
159
468
765
589
277
1175
471
95
884
654
1963
84
1330
240
212
335
1461
976
360
968
880
646
199
1936
1164
405
335
130
1957
1100
650
136
1077
384
662
1502
138
827
809
381
4001
320
381
1096
431
668
1691
444
5455
106
1663
1414
239
857
259
1939
982
1954
431
451
1141
14745
545
297
857
413
788
394
2499
325
664
332
536
607
1043
1237
301
894
614
1060
969
2413
1680
365
754
526
423
582
292
1491
276
94
863
1347
1060
1091
442
272
225
940
972
504
553
1369
3793
81
439
14238
2143
3295
514
1342
709
224
691
2706
513
243
1640
516
555
3232
2206
2317
224
3316
2955
1486
932
1362
517
538
157
860
699
197
496
182
3217
497
179
54
302
958
3772
1251
1214
1444
228
295
920
326
547
337
163
580
578
695
464
266
121
977
1101
74
1118
631
1975
710
106
126
521
609
341
1304
455
1467
93
711
1124
1232
134
372
153
204
330
913
22
341
8145
1897
2841
1077
895
596
1075
195
750
271
405
481
170
575
140
95
160
497
1596
442
445
263
534
688
300
1263
669
5403
755
2804
843
943
1561
879
661
407
1150
371
561
225
315
563
169
126
222
227
1208
1642
298
217
1585
978
1129
337
142
379
313
267
1162
239
376
754
913
2064
4629
2807
5769
252
3368
2354
2286
656
1289
4000
296
1490
179
2644
1018
198
75
260
248
824
344
1023
330
612
285
752
2933
1456
3106
1764
399
158
669
114
517
817
820
1422
188
129
31
287
20970
11700
274
416
561
143
219
9517
9
988
247
6512
334
320
586
213
1046
923
42
126
3299
706
1781
968
610
1937
392
1092
1663
426
541
265
510
122
250
877
1141
430
588
908
376
167
213
215
325
273
676
317
191
500
381
197
318
323
346
225
699
218
8
260
380
633
208
244
350
907
732
562
377
88
142
383
437
1098
240
221
326
436
396
475
208
546
679
119
219
798
300
621
226
100
130
272
189
250
419
388
627
226
311
275
502
837
978
1107
422
176
223
184
272
204
119
300
658
1121
1444
161
157
505
161
1697
311
240
80
419
285
541
263
169
531
124
173
129
93
548
170
134
425
1316
194
1769
162
197
275
376
417
151
583
510
334
465
181
120
270
221
260
312
688
303
567
143
783
230
477
1255
160
1068
142
548
61
445
636
648
172
153
28
160
84
458
139
317
246
46
211
1286
425
147
212
85
46
1307
536
721
250
59
1124
188
127
459
898
31
472
279
157
398
484
253
575
120
71
851
220
162
201
60
666
367
371
294
202
340
279
145
181
119
432
76
485
684
159
134
207
733
466
466
206
102
159
268
140
486
137
695
786
149
220
396
177
276
80
367
456
141
622
1088
1141
244
515
146
288
344
283
210
184
220
276
380
190
65
460
241
408
105
358
92
1424
205
153
270
471
473
1846
492
62
524
49
172
259
488
183
765
436
24
229
78
473
406
288
662
363
653
156
383
344
231
353
650
319
139
358
204
243
344
280
200
267
419
1290
735
230
300
305
93
156
345
202
138
219
926
288
181
77
1517
1674
567
1528
1072
671
467
159
206
83
325
337
348
50
268
422
165
404
252
462
544
386
452
24
166
213
209
680
864
1998
525
290
381
439
23
180
518
179
340
192
135
123
179
209
135
169
169
222
1515
584
174
80
229
838
330
247
226
250
486
12
281
368
360
55
1203
137
72
219
259
375
550
814
158
258
66
1215
350
445
114
279
255
489
635
584
764
627
308
154
158
244
126
356
653
374
321
81
217
351
163
184
440
223
536
348
149
553
461
317
147
176
237
252
914
1640
332
311
329
486
200
130
307
202
622
210
108
1397
79
215
364
168
127
518
232
446
213
168
105
1033
345
209
567
548
131
175
367
587
201
96
498
186
254
291
36
131
345
353
19
272
78
280
361
87
164
460
657
126
103
423
754
87
976
428
229
172
249
928
182
123
81
216
316
306
77
227
233
554
323
209
74
345
181
307
434
205
229
353
101
129
383
391
309
89
298
251
210
64
267
666
787
9
123
213
690
176
568
273
187
197
145
618
798
261
376
390
218
207
118
476
144
400
1551
711
201
289
340
165
323
1433
801
161
313
129
92
135
200
1026
355
1025
54
238
190
446
567
279
233
174
356
407
72
258
310
95
118
264
796
203
742
171
194
1010
504
4066
1383
479
276
322
203
180
228
984
145
462
65
409
1286
171
209
136
220
72
170
529
187
348
855
209
443
257
443
90
202
1454
129
195
565
1020
355
283
364
168
507
39
232
228
690
306
107
2099
1288
626
137
10
591
327
743
37
184
259
90
120
508
297
210
267
125
45
180
467
274
496
199
209
354
138
324
272
436
825
108
515
1190
780
100
261
91
146
315
452
333
70
209
137
580
1389
495
789
24
269
760
184
503
111
1061
916
209
15
238
384
158
692
1612
416
350
201
240
987
401
249
102
1407
1502
707
143
954
816
290
459
1009
1015
338
307
318
451
312
1959
624
518
578
1162
961
687
978
5329
1104
264
510
251
229
389
160
639
281
137
212
267
175
522
2165
2623
527
243
1682
167
718
373
692
404
253
317
714
1825
84
233
465
407
676
688
404
1367
848
1152
297
504
356
14
270
855
126
353
1368
179
443
297
182
4
1055
279
279
383
223
285
303
123
223
202
203
6569
4760
409
905
283
2318
741
570
555
126
111
194
420
513
292
205
833
569
740
899
44
165
226
518
276
446
268
560
3316
830
180
414
349
291
169
415
419
116
589
415
666
1307
433
504
316
314
229
204
189
5188
473
579
181
3900
874
1032
570
1036
221
752
351
642
235
580
919
377
864
6853
545
349
314
212
267
1099
352
1985
386
548
1179
2832
1492
555
422
312
424
138
312
267
3783
2376
494
1091
796
258
1422
2036
346
312
2354
306
577
830
286
26
220
504
49
1088
605
1199
121
239
317
513
695
980
835
874
573
123
1497
520
592
272
1841
500
328
3286
450
210
186
406
381
704
497
828
561
76
530
180
4749
825
2218
3825
206
221
790
894
1454
409
1333
1697
187
148
136
949
485
235
386
289
593
1798
398
86
214
76
3554
1501
881
1117
8150
2945
101
459
420
204
424
1986
296
251
2622
1412
619
664
1134
3079
739
1224
1293
1701
1336
55
311
1244
701
110
84
2569
568
1236
162
391
200
2474
2530
412
323
689
369
1692
392
350
5182
177
7229
526
3056
1610
638
660
719
130
1114
195
351
4079
1950
191
405
218
1174
189
1364
264
916
5196
389
1287
270
3905
1802
272
2232
1117
49
2379
598
463
1158
740
357
462
429
2666
1790
1756
239
469
175
506
215
68
208
705
691
415
180
560
1037
339
427
236
167
572
386
1210
918
2017
668
313
8258
1021
2039
572
650
1620
38
1964
204
598
469
1972
894
338
519
293
1449
886
927
1035
1020
278
498
277
1795
1331
593
766
938
994
1891
235
450
574
202
1084
870
2512
544
1789
692
1141
455
266
1421
1634
304
626
961
1248
361
403
133
412
240
2026
472
881
375
269
280
111
5375
754
807
461
481
380
1319
2822
399
1602
1322
422
1417
1128
835
2920
620
457
374
587
1143
363
266
9918
1929
523
