2080224
1097
1344
361
1201
995
1451
558
138
470
488
4342
4995
892
315
899
1747
1797
4152
591
225
493
551
234
220
120
882
576
1376
5060
2931
2423
1422
1264
557
220
105
355
132
75
130
1971
568
876
1240
2012
80
353
825
329
1745
751
1041
693
413
184
102
131
1118
32
1510
3045
1206
1969
318
571
61
158
423
3513
650
550
685
372
455
3792
3812
1323
57
527
221
171
1090
45
3783
2516
2345
963
148
366
163
484
322
422
650
616
880
4
108
127
193
81
166
731
60
353
200
323
1925
2558
693
467
297
36
137
1234
254
825
76
180
740
403
434
428
163
514
261
784
182
122
165
507
1258
142
352
184
696
256
1176
2190
378
79
260
134
146
343
112
638
1299
3217
1660
250
279
372
833
159
217
40
134
807
248
273
102
958
5903
11268
1120
1783
445
1298
955
200
368
1050
138
66
290
767
1065
2653
543
8943
1895
3000
1299
12511
165
2059
785
182
352
234
413
125
472
482
244
72
142
195
132
124
148
942
66
893
2857
1015
996
12
208
1789
222
729
2583
124
509
264
457
87
13016
1011
457
678
134
14015
1049
164
1633
273
442
76
28
1711
649
554
657
96
196
699
1849
404
64
66
208
120
32
309
237
2682
137
38
191
8112
664
954
3390
223
920
431
10471
359
942
105
428
144
286
99
130
54
135
137
142
441
249
185
204
128
593
815
587
20
558
416
302
747
94
31
446
225
182
62
208
729
124
185
316
1278
135
1764
108
865
1544
109
54
335
144
331
111
219
112
1211
3689
571
70
269
199
249
1243
1112
165
635
1091
237
2041
154
97
166
1356
62
424
565
596
1106
612
970
1098
1421
42
917
148
228
105
117
130
245
43
83
91
153
833
653
73
1985
77
259
464
167
275
79
344
126
115
602
542
263
182
382
354
713
2064
357
277
404
110
138
194
438
115
883
86
96
10903
3276
57
851
1188
1785
30588
22159
640
238
171
200
440
110
151
69
36
156
837
497
127
483
358
992
126
127
536
333
782
65
112
211
1799
40
25
425
1164
391
292
87
585
266
3566
19
1167
1103
1746
444
246
152
316
2186
179
191
281
135
69
419
524
185
299
104
253
104
233
882
114
1866
634
721
207
569
141
1137
937
1306
12714
102
556
20
1140
1167
755
176
456
428
218
109
84
29
904
409
1219
91
128
113
645
2180
1380
469
51
1543
361
246
1191
407
12806
195
1041
172
92
182
2245
310
51
1647
269
51
2641
195
351
462
2834
125
135
123
308
1330
71
851
160
568
1059
116
1735
224
388
529
639
1099
2334
862
106
238
683
453
123
224
160
287
466
332
136
255
15
94
11
146
244
75
1099
1454
114
209
33
2061
969
345
321
262
137
3223
87
254
173
2320
1799
678
915
285
514
1073
1004
550
1618
498
245
143
2451
108
2057
363
52
383
677
322
937
461
1525
1004
126
68
72
759
514
882
2635
3182
1254
1042
69
83
164
56
36202
45284
6358
540
22588
556
3523
380
161
255
423
151
32
568
1751
736
1846
14
1391
249
96
133
1728
6640
469
2292
5526
2807
1032
254
1122
433
917
581
1162
25601
536
2046
17761
68726
1794
1275
329
351
18771
668
651
600
8193
930
721
644
610
159
994
83
164
592
137
321
1288
344
85
95
121
7602
11528
14803
1045
14120
13508
509
14220
32268
42940
3966
28842
12283
1979
4969
8633
1480
10101
93
95
400
4975
400
100
547
119
588
169
296
332
377
1446
169
369
882
1561
5269
174
570
896
3021
66
462
89
1745
615
2100
246
1632
397
284
46
98
126
131
516
305
127
444
1999
283
213
7852
320
1161
268
479
18
214
805
994
1102
1057
260
918
610
165
127
165
391
342
941
128
454
89
369
1002
124
107
416
822
11086
819
494
123
2936
1097
162
407
243
146
400
1266
239
278
1985
964
166
993
91
732
69
178
344
235
643
1314
10467
429
343
845
1559
36
205
377
1263
223
655
219
1185
931
178
620
957
1711
206
20
441
197
1239
121
492
94
410
693
500
87
323
689
455
1743
729
231
179
1217
3369
202
1247
132
1284
1205
603
698
44
1183
1051
1067
705
777
77
3078
3062
170
250
2170
32
328
769
1022
315
479
143
40
502
27
856
22574
2824
1022
107
1402
536
334
19311
11628
1145
1191
1969
438
7563
1951
1559
51805
13056
2172
3366
17741
6609
218
1440
494
1552
1610
1511
88
4574
785
311
795
2234
1075
113
49
622
886
1869
1138
13983
1009
13180
7325
103
2123
4459
4347
2692
839
1394
237
921
95
538
60
51
304
2266
1077
210
306
1275
101
131
80
195
52
59
254
503
423
194
122
288
17927
62
304
21916
674
283
373
469
269
1137
1135
388
293
366
336
708
1379
688
312
555
530
150
1287
76
150
854
452
542
82
269
1197
121
210
439
1624
1408
2694
1466
49
1617
3614
2262
371
22
599
251
1435
489
298
311
303
140
80
380
455
336
411
127
1272
434
873
427
171
625
232
79
175
325
94
128
215
960
763
241
302
458
1358
149
337
157
449
225
711
440
1305
284
1928
98
910
15488
5192
1275
2093
2777
154
714
4008
1038
77
8195
186
178
650
6
1155
6820
1592
1758
1778
574
157
138
115
56
871
162
1579
55
134
162
114
2081
460
7765
579
3076
347
5133
53
2214
884
1946
535
1943
602
350
1160
496
984
272
830
133
755
669
121
516
594
325
402
190
391
1278
121
151
153
204
75
647
473
183
255
1667
3020
148
20
43
189
507
340
176
233
357
281
454
466
173
231
68
146
556
1471
899
951
869
622
1792
770
395
1167
1408
3054
505
572
1233
583
135
220
1288
189
2373
2878
304
69
424
121
1451
367
101
86
36
127
288
372
226
115
651
303
83
1734
155
2911
151
335
2255
183
40
258
73
772
81
287
203
233
1373
191
223
259
7094
342
1104
2559
1826
16
92
18
698
910
294
712
211
104
118
627
63
1135
2897
5371
443
136
64
349
145
376
532
110
588
137
199
2662
523
439
100
840
69
316
1775
347
1383
113
1145
73
1200
90
3613
1209
293
153
63
64
159
291
467
127
589
1081
289
38
296
127
110
171
577
1044
898
3526
1343
73
175
639
229
1005
3665
64
1571
60
1089
132
893
486
367
206
64
417
65
154
279
110
86
1593
914
114
827
792
889
410
1033
415
57
286
1576
203
101
443
382
148
205
1245
163
1493
1905
643
1152
188
117
199
1389
968
4590
91
502
307
648
2635
429
771
11687
2149
106
1770
1525
2468
1096
11408
215
812
2053
3308
3198
1589
3272
2740
293
159
7050
3216
2966
585
5872
3505
2481
1446
456
38
584
735
602
270
671
66038
6358
997
581
2703
264
269
2164
614
607
1690
377
202
713
2548
795
1291
5230
563
506
1057
281
973
777
3141
219
2890
1946
289
42
342
49
533
2101
1137
619
2385
408
490
1740
114
2186
667
3056
26
498
682
819
1985
351
2467
303
403
1542
818
2953
610
21
1991
572
779
1114
557
24849
1776
5463
2771
553
4123
375
467
3267
3944
121
2262
2370
408
610
3577
575
1625
135
61
120
410
394
2214
65
553
405
251
160
529
278
10
31
424
29
789
624
72
905
327
216
1185
143
133
748
223
238
721
396
876
1348
655
62
306
66
2152
368
513
193
1752
193
1545
614
149
139
368
348
302
122
1093
2707
1784
1155
2748
135
500
3696
236
580
279
440
234
92
1011
109
278
77
483
11185
1300
318
224
211
44
640
2958
143
1565
356
109
1376
104
257
506
4229
63
852
2290
230
105
877
2238
33
176
206
754
1366
2235
70
4594
85
272
212
207
304
130
143
2730
1675
2600
383
944
113
267
1406
3078
385
1505
1289
289
1117
1147
590
506
1334
742
214
222
536
1629
1476
136
23
5434
325
2613
358
361
979
195
384
721
213
447
122
391
803
119
859
297
774
435
1542
106
209
2671
310
107
561
1226
51
712
1003
6
1332
219
1922
180
106
144
151
197
204
99
471
98
451
201
217
356
143
740
294
76
1547
1142
157
1173
61
87
75
1019
157
136
359
457
161
301
353
10
333
203
362
364
697
96
144
411
1069
108
718
952
162
2499
131
331
101
2766
312
757
1281
422
128
95
271
210
3172
136
547
1420
468
439
3812
164
1768
86
1169
1337
151
414
697
588
225
114
20
142
146
2203
4
262
70
677
887
30
540
984
162
670
1231
46
340
132
504
246
100
484
254
70
317
394
3979
1678
1021
393
178
740
152
524
124
114
93
605
89
29
2039
144
51
71
73
107
274
1112
143
2
237
2126
38
1344
1231
478
1269
105
617
179
164
801
494
167
1692
126
234
57
47
250
152
78
171
2086
484
238
1050
384
42
128
199
312
134
551
235
513
744
82
398
168
133
128
29
484
339
155
52
98
582
56
819
735
25
88
95
693
29
211
99
66
1480
173
4445
8313
7958
3027
1823
2275
243
133
122
62
604
139
83
392
742
139
784
112
120
49
69
24
102
184
44
296
160
214
240
91
112
679
2105
161
54
62
439
980
2077
121
81
131
84
65
69
32
224
123
167
741
153
277
45
616
251
201
61
110
150
101
92
499
180
46
186
1272
117
68
155
1965
68
275
91
68
23
187
100
60
260
454
215
255
136
53
1376
175
1258
2303
89
68
86
304
85
110
98
16
38
133
129
205
657
995
92
71
881
813
70
142
314
184
111
211
40
1180
161
36
238
129
130
547
149
165
34015
1368
108
619
2383
24
413
607
352
214
94
612
849
996
299
494
257
274
1038
185
150
418
309
72
369
200
185
1129
150
413
444
1239
626
456
501
879
38
101
1017
35
592
1125
130
88
1079
87
510
110
401
409
2442
512
423
1068
614
29
379
124
1385
360
798
313
115
1632
572
360
1277
3734
36
970
114
388
781
111
108
460
324
305
85
21
897
652
4597
708
3011
3203
13443
4359
124
2268
2377
1800
10664
463
1319
31689
144
574
663
106
22
247
433
180
240
199
211
370
1517
900
599
92
100
78
84
626
550
1602
1967
40
117
33
117
155
127
629
297
563
27785
132
130
201
212
44
110
195
118
25
86
73
95
174
326
60
212
379
498
32
6140
548
121
397
512
258
91
112
234
269
96
382
1238
89
215
204
563
121
188
53
1403
1380
124
1039
426
113
254
307
567
37
473
120
132
74
558
25
97
957
83
208
58
221
502
497
1661
56
95
234
155
12
1853
120
1144
410
90
2348
19
55
69
62
106
365
352
136
96
225
1549
775
8
137
137
190
47
6729
22628
5296
9555
16517
90
11775
4986
6822
869
2253
8679
3702
25862
788
163
58028
7694
16158
17070
7520
253
791
1121
7851
7527
11139
389
17362
410
1972
330
2400
32126
3672
1048
263
117
147
719
789
163
162
38
430
216
364
155
175
355
202
2905
10
2917
70
63
297
1907
449
112
214
478
589
220
1946
240
750
404
58
517
200
75
271
1556
998
80
81
144
120
44
256
117
393
177
111
327
395
134
132
862
1159
136
1853
101
1098
102
145
222
871
175
281
1125
145
21
390
398
82
152
114
29
1042
533
586
152
81
311
369
455
143
645
124
1965
270
1
424
1179
202
599
549
221
187
206
1094
1535
2743
15490
713
1071
437
1712
80
2225
406
867
954
1372
451
97
100
1710
339
142
134
1572
164
1628
229
355
2507
490
749
272
764
503
170
400
793
127
639
77
514
213
560
470
122
59
423
1206
784
688
1049
1281
342
1262
469
171
425
436
2034
447
183
228
44
176
406
499
345
1748
154
145
2379
905
124
482
131
525
305
109
468
410
6312
260
1975
138
1340
14114
3293
146
350
1835
179
435
1085
868
2811
401
378
1055
491
695
357
59
545
72
461
55
435
97
387
123
374
222
526
3344
500
1314
186
150
150
1512
36
688
817
402
306
933
545
1335
220
305
553
619
1923
763
410
407
49
1240
479
296
365
322
62
687
75
300
1019
82
2957
155
171
581
581
701
230
43
1576
382
75079
208
789
2056
1088
3238
2437
651
177
308
9241
5270
2846
10292
238
220
61
56
152
46
2566
1373
399
499
462
182
738
1302
3598
1253
63
108
59
137
1584
720
192
72
228
607
3
31
204
578
1170
296
17
227
727
770
161
133
658
2049
3362
75
440
162
3428
130
346
484
4002
1052
3342
567
298
56
579
1384
705
1786
170
163
1394
7850
9820
4602
1070
8993
5963
5147
1070
4389
2861
7016
501
1690
1655
675
1662
650
765
1519
637
1203
121
1389
146
3277
7719
1319
283
665
257
364
862
22
1725
908
832
362
57
759
2444
28
108
1088
1969
116
1197
1687
17621
1657
1649
6692
198
276
165
522
67
3248
5523
1693
489
1513
436
424
302
259
654
823
3458
396
196
527
430
600
154
2308
800
5548
6127
1402
5171
152
1645
393
501
2260
5632
449
3446
4103
134
2367
95
1616
475
3320
253
1591
442
147
93
2581
704
720
579
1354
1461
177
272
1631
191
761
1972
654
392
193
608
554
1569
356
988
555
176
1211
272
779
1527
1641
191
1056
277
119
1029
1057
122
8
826
34
501
1492
262
333
2146
190
2311
84
436
365
123
147
392
195
1327
210
2639
395
990
453
1377
668
1747
546
140
458
143
34
135
77
146
162
1147
551
49
80
167
1039
105
162
575
272
303
566
529
178
304
241
187
118
587
55
371
246
207
81
206
802
108
503
67
487
108
230
786
181
178
413
156
246
481
956
5480
143
195
74
60
236
406
552
232
837
502
446
331
1390
299
14
327
576
483
74
5195
914
123
54
108
1036
410
217
719
2652
2409
275
3343
2162
559
249
149
181
691
375
519
491
212
563
337
103
278
418
281
257
12224
325
1176
128
170
388
1313
232
1216
642
651
1045
365
1630
187
672
35
3114
236
298
239
835
2112
301
563
201
44
104
118
551
252
2913
436
910
928
379
487
83
665
192
2612
203
245
767
1938
149
945
518
394
347
10
131
306
87
225
86
39
120
1067
2924
190
869
81
150
599
1008
1412
15
237
338
630
1949
104
2170
1141
695
88
401
22282
4251
260
11410
13445
12740
11450
5959
30980
5256
11687
4078
8930
123
418
1691
179
88
334
591
318
839
200
956
778
179
1518
3332
1051
109
202
137
246
139
732
59
14
3287
2445
345
94
933
545
130
599
878
488
1627
1208
335
353
140
53
78
2859
382
720
415
137
3
117
147
4738
400
989
5960
3791
840
87
113
1328
142
450
49
85
590
1
1550
174
115
399
247
221
201
326
217
129
83
135
674
346
169
107
66
14
609
81
196
185
127
417
81
508
241
138
221
178
282
154
79
210
365
14443
266
709
857
73
191
128
147
527
3222
3305
106
332
140
1480
141
93
86
144
55
73
594
80
49
2
68
28
388
90
286
349
336
1605
147
327
84
113
24
41
131
78
957
419
148
146
1123
49
821
110
196
133
230
137
1593
70
263
68
399
74
325
329
100
91
604
258
860
265
337
113
151
218
66
182
19
1337
608
755
131
64
128
56
15
28
111
106
95
230
155
134
93
31
143
97
138
1682
66
2675
454
154
254
343
199
111
2088
43
37
71
145
56
233
129
205
75
1630
38
12
116
492
40
145
122
117
136
100
82
122
47
148
50
115
428
202
291
118
156
46
72
66
3573
3
23
141
129
222
362
317
811
231
1243
1819
1639
1941
1270
1232
115
116
184
84
396
19
165
116
1218
86
269
160
190
233
369
161
93
73
35
1869
306
139
163
132
79
71
112
91
83
31
70
80
400
91
134
15
475
98
126
10
82
122
193
141
853
173
35
61
137
221
104
72
41
591
327
63
27
650
162
102
192
15
146
133
46
443
546
20
75
499
787
38
60
478
87
710
64
69
217
89
208
124
247
212
37
48
48
79
50
113
556
2
61
44
63
164
236
326
71
92
27
84
19
899
517
148
101
39
135
88
121
71
565
234
81
65
108
71
58
62
58
80
143
3
53
14
105
1142
96
78
122
52
91
396
107
91
25
68
113
82
96
1079
836
68
125
20832
97
89
70
113
301
88
538
14
135
213
126
58
114
67
136
70
29
89
65
178
39
726
72
77
44
183
144
395
493
265
305
72
92
58
440
183
177
243
54
339
151
209
771
250
787
1791
187
108
157
187
316
452
199
91
117
94
100
401
120
110
205
185
193
268
105
201
2
256
95
89
27
232
47
100
104
117
68
106
186
264
203
107
145
24
70
82
116
159
818
69
9
118
1142
198
37
71
62
112
50
156
47
176
861
8
134
79
252
290
109
128
310
696
53
103
60
108
216
404
120
228
1251
78
739
6595
687
32
82
267
139
370
2141
3226
7892
16779
183
98
187
138
103
107
853
133
39
59
156
789
1113
152
116
38
58
1027
45
60
88
207
602
1631
83
204
144
414
314
54
121
42
254
76
169
1110
98
60
379
6
72
147
83
437
237
85
147
747
1715
616
43
607
1755
163
429
704
820
67
1991
84
133
247
662
935
59
158
814
794
246
942
219
161
125
80
208
97
331
4154
4590
141
131
303
137
642
185
488
58
134
491
237
283
36
224
815
495
145
270
46
56
45
113
361
1257
1354
191
296
837
21050
6669
1070
300
463
655
310
731
180
2521
387
79
67
62
28
96
93
106
93
281
400
156
179
484
1327
54
146
4467
440
165
96
666
276
67
1846
1117
18
476
299
66
184
336
600
313
555
1687
182
69
190
31
42
263
322
49
263
183
60
311
980
41
1501
53
376
437
985
665
495
93
2022
6
1691
777
248
138
636
4596
1047
1081
877
919
1374
1218
88
10
112
67
6416
4546
87
3295
327
568
676
119
173
276
190
943
228
139
476
43
606
170
40
121
1443
666
2362
653
145
223
112
150
2309
1508
162
3560
450
879
49
122
112
73
339
1006
1207
323
230
127
2
353
90
4114
80
142
1393
155
319
120
726
94
390
27933
1074
189
1321
2432
1568
552
172
485
6235
772
1609
686
1470
1159
272
133
394
66
440
1253
1114
736
1103
1294
700
586
164
86
548
2442
902
1300
4533
1211
2878
3614
1145
2160
458
208
758
83
3258
53
800
1642
1629
992
556
500
3648
612
903
243
902
1564
1389
104
591
1232
531
28570
14067
3306
95
1634
99
934
95
421
147
1109
144
1301
63
993
489
85
197
295
100
115
352
1307
171
685
766
556
332
588
461
142
322
222
318
524
193
17
225
564
462
398
121
2448
3182
290
4369
99
622
96
153
340
651
2106
1979
1199
570
152
893
1192
119
100
133
624
769
411
3645
865
821
74
128
197
2316
90
432
322
1350
383
110
674
144
375
256
221
296
111
829
1699
192
246
117
141
798
649
79
10
564
230
157
167
684
167
703
305
53
42
45
124
830
415
2573
30
1787
86
89
104
58
444
708
200
174
258
431
604
1460
3140
173
926
88
266
790
108
105
81
97
465
209
275
212
125
580
253
312
234
107
332
359
135
1148
174
124
367
227
17
174
527
573
37
601
119
138
57
180
253
672
553
1
142
124
47
95
63
67
270
178
102
749
228
1223
2428
3700
7768
8305
9267
450
4757
54
177
207
79
63
1149
1181
1938
125
1039
3394
2648
574
868
3218
1120
53
946
142
107
513
173
117
96
712
127
334
98
282
100
261
169
215
134
772
667
115
280
40
121
265
1887
20
480
54
132
508
343
530
1264
96
109
312
50
116
93
285
128
883
141
331
72
213
89
211
142
105
63
134
705
88
179
708
107
21
1568
208
26
35
253
55
524
135
138
10
119
132
136
41
166
780
59
1346
540
133
256
51
119
491
277
130
337
301
157
193
267
366
432
206
119
1446
94
16
226
95
121
797
298
103
81
272
84
37
202
211
120
187
150
993
53
413
60
53958
43
2952
117
378
135
277
800
184
123
66
1352
1101
58
36
374
157
97
136
144
304
36
147
344
98
282
37
192
162
529
554
138
99
147
545
131
115
361
134
132
139
85
257
279
103
121
1159
744
291
420
1858
636
225
58
89
324
332
79
111
34
75
1101
1463
474
89
18
143
482
818
407
3644
132
3757
2278
7
2174
119
139
410
159
484
617
2
341
55
94
162
29
959
309
107
295
76
438
112
85
214
161
145
114
142
111
40
160
122
113
57
162
130
97
70
117
139
50
541
150
254
206
76
196
1041
160
224
128
152
114
179
141
162
433
64
832
64
58
281
132
82
39
364
20
20
576
193
988
90
78
90
79
610
159
158
152
36
168
287
34
121
159
153
199
129
78
222
68
130
162
340
216
96
318
171
1048
102
70
238
113
962
21
109
62
29
70
131
98
1727
193
605
199
277
164
95
97
127
635
85
26
149
273
82
107
78
63
124
1512
250
98
216
133
662
150
72
226
249
226
266
31
730
114
145
310
570
221
138
90
131
59
27
93
393
6
112
313
1661
3900
93
524
1532
253
184
310
121
65
360
78
226
160
30
123
99
87
236
113
588
282
6
69
136
157
658
99
212
43
51
139
155
78
86
465
161
48
765
135
350
459
142
20
1057
79
78
1049
120
258
101
127
215
132
322
42
100
111
100
170
102
87
145
136
27
1153
47
116
1144
99
87
604
69
958
138
107
129
108
24
369
114
35
131
185
712
78
1162
815
270
258
1928
384
535
479
109
93
76
203
356
186
287
89
613
892
108
94
183
149
2123
238
471
567
13425
2994
1319
2693
5190
112
2529
1213
1804
394
144
28
4051
30
212
469
61
632
1908
213
750
280
298
1313
32
641
190
365
25
250
61
879
39
226
154
116
109
176
646
88
229
83
287
209
204
144
2096
160
662
207
87
77
13873
5241
6103
21159
215
646
542
90
75
95
175
422
104
2264
38
27
106
147886
489
9776
14035
22830
6129
85
782
211
156
88
3703
101
180
210
555
128
298
85
1239
731
279
172
264
150
2601
94
5106
9355
4767
153
14
2536
107
761
78
2600
10116
2580
3007
81
42605
313
248
215
244
174
508
1332
906
513
490
14942
501
142
848
308
4250
506
629
388
42
264
92
110
149
599
673
223
173
197
1251
99
3652
122
143
282
53
668
155
104
718
80
393
595
2607
12360
1644
76
1002
715
167
114
156
85
679
131
1806
313
2039
49
513
426
172
364
78
508
46
1121
999
272
340
129
142
360
173
1032
21
44
280
286
56
296
136
215
493
798
1910
695
1078
443
246
197
556
2
341
393
181
172
2038
2021
292
3440
147
995
82
1366
210
422
398
82
2145
1384
128
111
274
803
1429
630
495
602
648
725
737
135
372
1
1213
663
399
225
243
9
805
114
404
208
1017
1936
96
125
2541
352
205
483
90
257
379
402
62
1262
140
130
2848
26
416
178
442
1966
4289
1038
5717
2599
3729
4070
771
3006
4800
821
3158
439
6238
202
7128
7304
1986
497
7280
7376
1840
3801
1449
87
1867
2611
1206
2794
115
1155
884
335
804
364
268
334
132
541
392
1319
112
1162
733
505
263
1003
2947
104
819
46
378
1074
378
629
265
653
1695
342
441
1324
590
5661
945
64
8
5590
1146
1324
3619
4744
3169
502
56
695
1115
632
1891
4342
1630
5511
5
199
1846
1180
421
22
836
1036
2498
1818
1089
2802
5607
1873
2134
337
1816
2375
1927
169
276
192
6708
313
1647
1373
259
19049
19906
212
151
8165
892
489
1106
215
741
318
540
2262
1494
3230
370
1191
595
1109
1452
231
103
518
464
73
1593
98
2449
8591
77
421
4
1774
679
896
8819
954
1069
734
4007
975
2723
508
5029
7623
7516
1250
14512
4578
1154
3358
3019
4092
5485
57
3971
829
1855
844
113
337
150
1586
1
98
87
7
185
1327
1373
4180
2875
5063
2181
8638
3409
4161
669
341
194
6
1098
132
163
2734
772
644
84
166
273
1027
960
143
251
1630
1024
1289
1195
136
190
440
1287
82
836
364
478
425
401
305
174
433
612
541
477
833
229
333
505
270
406
172
501
2241
1080
137
406
16
424
458
48
195
29202
280
310
433
3269
3530
2619
1622
330
37
1251
590
999
1082
496
736
62
2051
227
55
254
410
169
960
1245
459
97
426
181
2265
516
873
170
130
356
194
192
1643
1639
329
667
188
227
970
284
273
327
524
258
595
83
491
680
349
618
567
603
161
432
2513
321
311
280
499
295
365
286
1230
162
4538
41
18
1090
903
1111
629
1555
780
183
224
148
884
134
313
138
1897
359
67
618
654
180
96
836
140
92
954
230
98
2070
101
400
93
737
73
583
343
106
42
12
63
1108
35
319
1852
1315
2747
331
369
64
138
2495
1452
91
103
294
92
138
265
898
607
8
241
183
89
116
278
162
75
276
24
83
766
1623
131
330
1361
208
902
122
1457
736
547
532
999
247
4130
130
1
43
621
92
142
189
53
337
931
541
145
350
221
85
171
323
114
444
23
299
245
346
222
248
66
116
74
458
190
347
88
54
876
161
84
444
835
2046
127
514
66
247
215
164
424
103
313
238
460
104
123
718
81
128
296
505
120
154
325
78
169
1253
507
1082
114
32
37
211
7
578
261
128
290
119
121
1492
127
139
120
407
138
329
381
183
175
162
72
107
120
40
83
464
110
109
475
39
87
324
81
72
61
1213
627
84
519
244
117
68
90
48
104
142
89
61
50
66
45
165
57
136
171
171
66
156
59
391
72
179
117
108
356
387
465
149
1
58
214
42
72
259
170
152
34
104
975
77
277
123
68
160
54
90
99
66
50
32
40
96
682
401
240
180
83
115
160
75
52
867
215
149
701
113
127
173
111
219
374
315
262
29
678
588
97
1124
63
103
247
46
54
322
283
89
79
84
200
114
66
168
8
583
33
4
127
422
252
223
135
46
124
657
91
64
95
186
72
166
267
103
106
91
59
259
164
198
70
66
156
54
1410
202
76
135
149
216
529
146
472
185
154
50
33
180
24
133
1166
374
2012
2002
1463
81
1
85
188
1067
810
102
40
147
31
115
132
606
237
957
219
631
242
263
28
2512
364
50
470
678
83
76
138
148
53
101
151
25
56
111
101
67
112
142
581
322
79
93
62
703
513
293
115
127
695
42
150
406
174
6
74
212
161
121
32
42
105
262
251
93
225
92
155
381
6950
686
294
165
112
93
2
106
725
137
116
19
146
706
92
27
118
5
33895
511
16432
40034
10375
3700
93
38
6
81
30
53
93
235
354
97
129
395
68
81
153
130
289
32
85
254
800
123
22
147
1113
71
440
114
83
339
214
144
179
172
100
33
1700
731
193
107
73
143
1633
120
271
88
326
27
154
72
125
160
60
156
520
135
1554
283
93
159
74
1082
95
185
1140
1019
46
39
36
131
63
117
541
151
227
2927
50
75
91
144
925
55
118
95
222
166
154
345
173
182
52
206
1280
329
119
136
222
14
2029
110
175
257
372
211
382
194
93
103
31
69
59
72
156
2
143
220
670
220
355
149
106
70
175
146
98
166
1351
79
107
477
10900
3415
81
9151
1095
2706
627
16580
1656
1406
654
568
287
114
47
185
335
519
108
708
323
6943
3383
28194
1576
1586
480
119
510
2691
54
97
131
99
2454
848
152
173
128
152
159
153
43
201
837
187
761
1102
66
11
563
182
367
139
1415
506
1112
103
167
86
135
336
89
225
108
199
106
115
1505
179
232
122
83
533
621
536
1592
176
83
982
1388
326
776
341
25
232
220
223
218
442
1884
224
1253
142
752
496
357
87
20
256
121
1432
352
969
794
1985
80
211
735
1062
134
347
1685
719
388
320
152
158
329
196
91
554
82
159
318
76
97
147
707
93
2197
1841
1905
348
125
206
632
2485
939
154
186
289
92
130
323
196
1472
62
117
401
1103
255
691
5400
4360
245
124
15882
135
3865
438
1969
224
9857
35
852
272
473
613
383
446
982
236
135
1397
221
135
70
59
533
335
264
186
1786
101
116
341
2058
258
162
109
331
634
326
1963
696
693
884
204
57
332
208
365
1416
318
582
841
731
134
768
734
44
1029
47
228
2883
485
462
60
215
549
1533
2348
129
842
121
369
70
1730
196
7508
227
589
475
317
482
1036
194
620
901
566
302
1272
7074
6066
233
174
376
756
3231
601
155
489
88
1090
713
1607
325
112
42
193
301
965
891
89
470
3504
388
938
593
320
489
851
1509
5096
270
991
134
29
2457
402
521
167
878
3163
1120
3300
2267
1856
3231
679
123
215
1555
452
75
86
107
1254
1271
2638
181
1456
2289
470
113
58
319
715
192
158
257
1332
767
607
124
454
285
761
515
159
157
1240
629
151
103
141
448
81
232
520
999
1042
130
273
212
135
534
139
57
496
118
136
878
2155
149
258
277
279
607
980
90
132
1793
362
1485
1164
352
1180
5
181
1557
921
502
2494
1710
323
618
706
1986
308
388
332
414
116
131
115
100
1465
243
357
699
1674
217
559
153
2716
513
2074
121
870
164
2227
1274
749
105
135
990
258
403
99
1203
169
37
1022
3234
2844
4129
3306
7155
167
19
1
249
480
552
238
2553
221
2466
322
159
1172
472
389
539
124
319
1818
1136
307
10
946
119
531
160
321
336
394
141
309
542
183
267
592
480
913
2203
122
80
371
108
108
443
95
40569
242
1311
73
492
781
1757
165
58
102
128
650
646
244
374
378
1697
2678
622
1095
97
2551
569
1571
271
102
189
733
669
1108
1847
72
249
12
604
142
91
452
118
231
156
560
82
359
40
545
98
617
19660
3679
397
390
445
844
187
111
495
216
105
143
582
386
178
506
978
10
1021
222
94
120
129
2205
400
1174
272
166
506
343
145
368
116
111
40
188
90
438
288
136
823
198
406
360
38
50
376
613
422
856
293
60
54
42
414
649
722
115
395
95
143
118
53
144
253
289
294
150
110
151
74
76
192
106
170
100
387
8
243
304
138
35
725
128
113
31
181
1211
152
117
78
121
158
142
180
341
31
108
6
128
96
75
72
120
95
137
99
1960
594
280
901
2078
767
814
3762
173
140
199
259
132
427
253
242
296
148
140
99
133
746
28
87
517
83
1139
565
3124
476
894
121
45
320
59
98
382
199
499
193
338
376
199
370
391
1291
525
34
6
164
61
450
95
129
121
6
109
896
1577
1604
10
1014
132
19
1054
381
671
1795
284
73
672
187
340
202
12
64
83
283
36
183
149
295
111
4145
114
199
890
479
74
71
141
193
2874
4954
2538
2737
3461
3612
1622
5833
131
55
12
259
711
421
204
210
48
295
194
104
173
354
363
52
321
961
3448
88
534
39
349
259
445
156
268
192
2401
94
30
176
662
297
103
59
496
119
138
216
140
384
499
319
4
282
31
49
199
74
362
1567
197
8
177
95
106
140
601
191
192
101
321
96
305
27
25
111
239
205
56
2414
2955
1130
848
386
145
50
122
30
47
141
1660
13963
15201
12430
982
4885
5894
6509
3679
4569
1461
3605
7236
14851
26504
3464
3607
515
3154
3938
2567
117
17958
64402
313
628
385
2374
4703
71
807
979
43
240
1158
2273
164
234
76
338
133
220
1350
99
1586
680
1183
2130
928
136
62
90
136
1068
996
768
984
341
116
1168
79
442
410
1281
177
347
70
175
419
4454
196
52
44
140
377
187
1979
1100
123
92
275
150
192
242
1831
6
1162
685
138
802
83
94
2213
69
117
595
65
215
159
439
269
23
472
285
99
344
8
324
610
7295
16684
599
118
308
848
988
1122
362
641
900
368
206
255
130
496
704
2047
231
186
458
439
580
648
220
404
33
869
171
774
529
56
16954
10346
8851
1160
90
356
139
538
279
328
281
81
86
339
1310
351
632
790
323
144
276
250
884
280
152
56
95
888
4850
212
72
89
228
233
269
93
553
103
186
670
648
609
179
151
213
15179
214
167
989
603
202
216
68347
4780
1780
1109
73
188
81
111
144
48
418
329
134
521
235
1044
131
53
488
449
91
452
473
1217
141
595
751
48
57
124
202
1210
152
92
1654
285
339
5079
1659
213
12767
993
23272
7316
4745
63
259
544
53
624
5718
4330
942
291
178
602
316
6886
1535
630
4792
21
1325
2391
430
7741
5288
645
1942
10280
3724
1818
608
2025
346
7895
67
1895
1184
19
3381
939
752
2615
1383
1416
1744
4942
648
1431
920
2955
1396
14524
102
39
3460
2382
393
1937
1906
768
60
549
1152
147
88
288
587
846
277
887
1540
219
59
655
738
681
2385
293
2326
1965
3931
248
74
813
3306
3118
4619
107
881
453
2845
179
412
283
1994
608
1243
66
272
2381
690
880
173
122
537
5276
1522
26
22918
1007
1927
134
24535
23197
2613
222
5467
122
5363
271
263
54
282
1822
2131
2241
2163
4303
2918
3225
1286
7819
3981
3566
383
744
496
952
3047
519
3507
2366
1639
288
5947
4682
3669
3227
9801
129
193
325
1447
340
114
555
549
1734
378
2728
425
452
1080
158
691
74
342
256
3304
75
209
1526
167
782
2257
495
621
455
855
425
88
1741
693
431
302
960
2296
610
471
131
688
114
1083
830
156
557
76
366
1032
619
1416
135
463
174
126
455
1459
93
226
317
1188
117
5550
765
70
362
258
125
43
186
429
24
1151
1048
462
77
25
21
1053
1135
2243
108
4588
36049
2615
782
5972
346
345
115
672
109
320
972
113
159
169
627
7374
2043
277
146
145
1312
169
255
477
55
266
397
1054
903
1766
3133
791
328
379
328
180
614
128
24
133
728
187
1315
13
524
439
749
87
200
630
1241
1521
886
1453
39071
2500
396
10310
17657
4598
15456
796
10660
2332
182
7920
56337
18
145
46
126
351
305
183
57
476
789
1622
1138
740
1903
416
197
1823
3957
925
1149
1493
96
592
473
927
341
267
80
126
685
1226
151
176
2079
247
339
1444
598
277
1921
274
128
183
848
110
196
127
397
741
132
91
469
132
411
1589
158
142
422
77
53
19
155
96
7
206
132
221
46
44
156
638
615
87
147
831
325
42
150
373
147
608
760
138
2
59
871
146
241
274
565
307
74
172
442
66
973
833
250
81
328
158
187
803
762
15316
789
7538
2140
1908
268
417
131
132
75
22
686
584
592
93
727
107
38
87
1216
333
476
122
1071
959
132
78
1497
79
119
125
178
69
42
166
105
4
117
1181
437
1044
67
99
815
631
65
89
3577
3859
383
135
125
648
121
149
60
114
3388
152
70
283
127
263
102
30
134
117
100
777
663
257
11
3263
171
124
57
89
220
26
133
567
139
97
324
676
269
126
830
65
46
12
231
106
128
121
85
108
168
399
14
54
127
832
34
70
95
709
94
628
825
136
157
146
164
146
92
5
31
187
733
1291
154
164
79
735
90
117
679
103
348
347
166
120
193
64
85
111
35
600
11
30
832
197
641
210
141
118
102
45
181
97
119
150
67
870
100
625
365
94
365
411
99
1999
39
413
20
39
1292
82
508
410
118
1268
496
5483
431
16044
1253
161
881
1135
242
777
64
382
82
99
106
59
1081
168
165
290
116
454
183
3296
1464
392
676
424
208
156
265
458
72
87
22
38
1969
5
145
409
114
123
263
57
149
534
873
111
127
1131
1371
391
539
5791
79
133
1321
1386
386
556
1349
154
222
720
9726
6084
124
17709
2369
33
487
3021
2823
4030
4774
2855
128
1186
2399
4738
51
595
5326
4324
833
259
1986
10
911
232
688
317
497
802
118
106
243
232
1890
342
487
450
312
50
435
478
442
757
2070
302
746
218
132
209
440
93
1876
17
679
458
260
105
194
340
1184
92
1046
172
573
592
1086
124
482
940
307
172
1447
970
85
165
994
652
173
967
108
579
69
856
824
471
163
664
335
332
1394
180
1541
103
506
955
1003
116
257
205
763
1158
293
58
179
125
1517
443
1504
604
374
553
589
2366
2184
310
672
467
61
50
108
389
2410
186
437
550
325
75
955
146
2660
311
386
2340
624
1262
1932
762
1294
352
177
932
8591
4379
2522
2076
19396
2888
2995
2633
858
861
6044
226
281
241
884
759
1127
319
579
3205
5839
5920
891
165
68
2278
437
1204
307
941
284
2762
446
9699
4019
19738
41
522
224
7639
659
4792
539
918
179
621
2041
2213
1168
84
3152
2229
3233
165
58
2762
48
2205
7382
783
309
843
112
1624
308
2626
2129
143
458
479
395
2146
3074
27
633
2532
1105
2111
3631
453
247
894
5240
404
1092
71
6684
341
6482
78
418
1302
1356
123
932
68
421
3040
1269
640
796
903
2544
118
551
922
4047
8459
1062
677
35
874
349
1646
1857
253
1001
959
512
308
158
590
722
420
1867
524
721
279
130
2035
349
86
378
880
768
533
2013
1484
514
145
278
137
871
487
512
145
1542
286
883
3458
6532
1513
189
780
87
117
1097
337
1634
399
226
654
176
813
1179
430
349
165
3134
333
75
179
3
536
183
108
460
70
1582
638
510
605
151
666
272
167
106
516
404
540
663
918
131
346
36
3522
501
1029
606
2142
547
111
190
1313
3852
154
490
1975
1075
54
523
349
359
258
42
362
2165
798
66
3101
6182
111
94
268
2368
110
89
422
804
513
551
425
52
837
378
365
61
513
3629
11064
259
110
1561
412
501
128
251
155
419
61
254
380
190
59
1442
9004
178
137
10
172
55
391
815
583
251
746
340
867
689
267
355
63
345
3649
779
3993
1432
2241
8598
7948
4501
423
785
78
802
313
132
68
841
2568
125
200
160
207
631
150
10
746
2128
1443
829
77
1454
935
158
755
77
131
316
3693
316
464
171
3616
1306
215
92
2949
91
232
2710
166
354
1971
597
86
441
147
147
51
53
3830
1868
1164
170
269
110
401
139
125
95
710
144
100
47
120
464
168
78
355
11
1568
23
99
1762
1822
1202
1611
98
139
472
795
648
51
1037
20572
3816
462
18383
5803
34615
3816
462
14378
3817
30441
89767
216
1
652
255
221
206
244
1110
139
420
97
129
169
114
129
190
210
233
71
291
591
667
79
270
697
8056
352
13805
796
113
92
119
529
97
1383
153
78
835
135
73
1026
142
994
542
194
91
1164
131
70
518
2748
1736
438
15
817
618
166
1374
131
120
981
1788
1626
485
139
453
133
144
892
499
79
16
665
6851
113
725
1617
428
560
82
368
1101
238
24
704
141
245
852
1996
158
516
612
190
190
96
1228
1814
9
136
956
956
154
174
1925
262
13
154
340
2414
2249
681
1335
1717
781
86
681
790
2819
393
587
358
1342
3978
3588
587
269
1071
415
155
286
279
39
774
4857
1988
295
46
349
336
490
1983
155
758
428
145
197
69
1067
119
122
35
162
909
193
2305
625
122
220
624
1439
114
872
623
58
375
1542
1210
907
1918
120
790
433
23
258
175
101
107
155
1553
353
218
927
520
127
78
624
374
152
171
1501
413
242
715
1480
483
164
323
1509
95
233
374
641
1994
279
48
394
455
96
461
1335
292
565
1845
465
2850
237
243
1022
193
395
64
153
459
83
594
200
711
221
123
1184
1119
2920
285
249
651
215
712
487
147
371
444
2340
217
42
339
386
113
440
770
811
652
2117
831
505
74
480
1207
139
627
131
40
674
62
3123
764
1734
660
517
4143
69
447
4403
2943
354
735
173
1085
711
611
4256
759
2224
3455
725
1806
345
4840
237
274
371
2873
4577
1589
3275
6252
4119
1438
269
354
478
2444
472
1864
55
845
2245
391
171
978
773
454
747
16690
487
6728
2582
2083
2084
654
1140
8313
3564
7179
2257
4384
1153
3774
6021
4130
149
155
2991
2326
711
989
3169
329
1590
5755
1972
150
1880
585
426
1787
2103
1719
1296
128
1576
254
188
104
2894
553
342
1237
182
11936
1239
92
3687
152
386
3195
973
1328
1122
363
245
1844
360
692
548
1126
410
1500
6
361
740
44
1518
1372
627
573
1371
234
424
288
452
210
568
198
723
118
509
182
29
1821
156
520
1137
1098
367
1343
78
146
547
120
348
289
170
630
629
660
52
44
942
2249
130
587
1147
149
804
104
489
584
367
4337
1018
225
62
817
266
403
92
113
281
595
701
50
87
47
171
25
464
172
156
104
201
447
135
37
1138
536
49
125
495
525
1080
786
599
473
41
154
149
227
247
138
1189
297
275
101
214
253
28
269
308
68
90
696
790
468
261
2457
434
600
280
262
254
819
42
252
758
285
169
191
459
491
129
353
626
191
1646
266
448
107
137
825
166
128
110
1135
1258
2384
413
6173
4718
3246
8271
13054
167
12
679
129
258
2117
33
365
148
145
332
327
394
253
168
173
282
204
49
1284
210
116
514
286
87
414
40
1493
84
313
427
170
311
1532
111
672
1559
136
95
129
702
294
2159
531
202
303
93
48
1525
53
49
508
216
227
52
70
133
825
792
304
299
313
50
237
255
135
167
572
444
1
91
50
1085
52
244
247
67
1072
1276
155
1483
1527
236
969
739
946
162
143
155
349
192
6433
352
154
449
96
217
56
148
281
695
121
20
308
233
28
1218
77
130
77
238
98
828
60
151
355
53
1145
37
285
559
58
248
2227
162
106
106
303
151
522
152
114
358
94
538
16
100
3366
132
1756
23
1032
10
2998
416
120
426
2767
568
256
93
156
222
562
267
215
1411
709
840
213
525
90
735
110
852
99
28
1027
62
397
532
880
115
253
116
161
180
69
102
151
89
431
414
67
408
162
786
197
131
339
126
1597
100
193
148
1275
287
326
235
111
145
110
66
42
101
253
246
167
74
651
107
135
1065
757
682
117
96
841
455
1163
4998
1145
9775
6049
83
59
238
62
183
83
32
219
87
1969
166
377
395
687
679
56
145
208
138
164
364
929
308
137
45
153
76
718
121
92
393
746
603
472
104
76
883
145
99
323
82
211
186
608
102
20
162
152
171
122
581
166
64
195
1088
206
374
279
480
137
144
26
152
666
117
626
340
22
79
31
506
274
97
119
530
2151
264
38
1399
24
71
279
46
1498
1997
95
192
84
52
2314
605
771
213
115
829
3242
10486
7574
1991
130
1084
385
415
262
319
607
17
835
108
416
44
1886
73
96
716
191
117
67
2712
98
314
150
1008
623
295
184
603
78
1020
836
319
69
149
197
316
134
2
250
110
431
110
200
2043
234
18
3736
772
579
530
474
543
1261
543
649
107
34214
444
50
121
291
404
632
102
356
74
362
460
654
104
46
66
133
110
1674
323
1443
550
640
84
112
1439
101
99
328
593
1689
1878
46
289
25
182
194
244
255
153
764
19
68
660
23
255
149
118
31188
2670
135
10694
366
3841
9506
28143
26
8394
672
550
699
890
139
320
2345
152
386
1349
1983
130
122
68
293
448
430
7287
402
876
3813
4095
134
76
3690
4503
813
253
466
3919
3102
222
169
1114
1197
593
1476
140
302
1672
201
1500
1104
1245
3240
1636
213
182
12
4952
698
497
227
876
760
5090
806
1608
1720
270
3051
2500
1033
541
111
2022
308
84
103
164
126
97
124
1984
192
1585
84
2737
1785
303
528
2786
228
1234
3570
1934
1638
350
1018
504
196
209
4
1625
2620
21
336
56
279
217
522
51
230
795
49
676
4600
11809
1221
408
1243
2074
384
158
209
401
52
344
453
3084
536
347
364
578
210
1002
124
273
350
882
489
1187
39
76
391
324
113
293
689
3
1177
394
116
512
425
1363
162
206
1373
194
14
815
83
955
2114
50
92
749
2121
177
330
471
226
42
311
942
731
1451
165
1235
291
168
106
196
138
386
354
467
942
540
1291
1208
490
66
955
965
376
54
411
35
194
29
103
517
582
567
349
145
871
33
1761
2302
967
1133
282
270
249
4
85
1037
125
81
518
656
911
219
2147
748
2416
235
241
351
121
6
1437
301
612
210
164
129
42
209
89
418
1471
290
306
825
1310
437
161
661
156
225
527
133
145
193
478
106
210
119
284
359
326
156
895
188
156
183
353
608
290
232
141
536
141
1339
386
84
857
156
6626
1404
335
1204
376
111
90
1607
320
100
416
307
884
1247
125
1133
139
412
1432
523
285
52
213
473
189
227
1073
889
343
53
547
458
640
377
297
800
274
158
2710
497
593
13
473
1797
194
1
998
176
961
152
1064
74
150
434
266
120
1198
513
442
76
1427
157
133
107
971
106
903
89
653
649
1620
788
868
364
543
149
229
818
533
233
1261
375
231
169
1074
127
245
2246
33
205
799
1187
2502
355
392
514
3
733
672
387
439
1800
268
75
266
545
1076
50
60
625
741
783
1493
276
149
2528
1886
11158
77894
9389
162
650
357
113
165
142
187
447
142
112
198
89
954
8091
378
272
1084
620
1297
10
194
338
504
1517
256
2534
18
1747
294
1038
413
119
700
207
224
84
339
674
675
425
1334
27004
4925
9744
1752
4065
714
485
303
1674
2266
667
276
12146
1197
1672
3753
15883
3634
1685
4008
8801
69268
11921
559
394
234
442
5978
831
2067
186
120
680
1179
144
163
144
1031
45
606
508
335
114
448
1282
888
705
972
366
854
1789
142
942
1230
258
390
1774
179
535
344
1623
2454
90
1552
357
182
175
659
410
419
460
484
167
55
178
277
1649
310
542
124
2032
271
134
861
56
292
184
662
1322
365
428
138
319
254
1709
2919
1691
367
565
633
1026
252
347
2261
628
2218
2006
233
867
55
1872
4435
5104
28321
4099
1521
848
334
59
55
243
662
713
49
300
701
1836
879
1425
812
1850
469
469
2411
160
268
3264
506
169
3293
352
466
982
946
16528
1286
300
892
33907
36
752
515
132
1209
1415
819
687
1553
214
1079
107
3653
259
3101
130
616
2050
993
41
489
73
339
298
1632
1619
490
112
761
2606
84
160
240
3112
124
817
46
37
358
234
146
1077
29
444
1061
259
645
43
1302
837
496
336
980
206
1297
784
342
128
220
370
589
2335
966
2143
823
498
2254
4187
3112
1367
9034
22532
9725
11260
20370
6631
218
4764
3352
1049
34
14
258
840
2669
39
272
240
190
1173
22
742
520
746
207
407
1785
3656
165
51
1788
352
38
119
1141
381
94
116
53
662
413
675
1163
151
7
629
708
65
551
541
298
249
237
369
84
86
18
505
176
4167
1123
45
476
176
1302
169
644
3721
38
191
592
328
1860
1582
1612
91
3174
823
32
295
518
3018
99
409
22
209
1245
604
59
1478
156
212
276
1353
314
311
1934
906
172
183
2322
383
235
451
1283
688
1356
319
841
1701
491
351
196
254
193
981
1369
747
251
59
659
354
999
193
361
201
1285
333
267
221
233
259
401
2050
6162
1110
558
1873
1002
913
1729
321
1315
150
225
1168
815
1315
940
878
279
1618
1320
149
1055
20
201
1247
66
140
1404
86
2678
10507
5331
11773
385
12
451
42
114
223
521
2056
279
127
320
103
118
173
405
1447
37
131
176
971
698
71
501
2223
331
60
426
537
147
195
299
539
329
144
2067
400
4738
1295
5766
333
167
251
149
136
133
207
84
974
2850
229
294
277
1890
84
263
161
163
1297
90
207
429
176
218
805
239
134
660
86
109
338
225
341
2608
435
166
135
109
58
130
1243
927
1464
227
107
299
1774
1683
386
3512
750
825
1483
14
174
894
661
880
1360
127
760
129
305
87
411
167
226
52
363
646
317
1406
249
143
421
943
51
170
119
462
199
1792
341
367
1037
534
695
174
468
67
380
209
189
116
224
965
1198
692
2422
197
149
53
969
162
1272
1941
1739
1241
791
214
1361
117
98
5152
1463
1566
1787
572
468
369
687
280
96
273
317
1526
205
595
218
1660
103
2224
236
1043
91
160
648
1416
198
74
258
407
1421
522
733
1092
296
374
156
474
868
153
161
126
315
3142
94
1308
2644
12
388
1801
830
1489
2885
63
3515
7303
723
631
9666
83
527
90
1016
1090
458
756
664
486
1058
1113
1032
233
1677
12101
1537
4776
4594
558
6137
1334
4741
6839
3801
137
861
6294
2624
206
127
15
862
1100
653
109
230
313
578
2090
110
563
1277
179
187
190
378
134
668
190
6261
8739
738
1185
53
1438
970
931
1913
210
2643
88
1374
429
234
12052
277
9310
1028
234
709
796
36
917
115
113
322
87
2075
876
135
147
980
828
1643
3207
4812
340
1442
651
724
552
338
1950
472
202
425
6
1108
24
849
534
1049
87
204
77
837
251
90
189
355
786
390
230
910
1739
374
843
1112
92
462
1625
436
960
2512
704
3283
982
246
2125
615
1320
1871
516
46
599
226
601
754
143
397
756
1093
279
132
2030
1420
1221
28562
33781
993
3734
4889
3002
3119
13697
152
10577
694
140
163
833
955
1380
307
1463
984
788
100
1105
221
16881
189
289
46090
13580
8657
5770
384
2376
8199
25010
2213
213
203
1155
49
2496
3195
300
123
321
4347
1804
450
10646
13245
1003
3695
2942
3391
1399
7043
5057
1544
1222
1025
2613
5005
5000
5000
32826
124
1253
989
1038
112
65
207
143
242
8389
2141
440
775
116
7192
4412
711
44
669
165
196
5348
4604
4737
400
466
2401
3272
1961
141
139
293
912
1147
205
874
1728
1229
4284
2488
4295
19845
349
1714
447
252
1798
534
545
2198
2905
1238
1123
1975
176
136
342
1229
339
1591
614
1130
54
171
222
41
478
1130
141
3571
5461
130
181
1457
2029
35
372
366
2761
424
946
116
376
1521
1648
25
758
341
26
58
1311
1445
1370
733
965
189
1269
368
783
836
26
267
1007
157
111
1181
1870
554
1838
169
381
393
996
831
132
120
71
120
288
1435
366
331
418
514
1683
2164
1254
268
923
996
32929
659
551
865
1464
340
235
203
295
605
354
391
226
45
305
1939
52
3
36
21860
33605
67
173
382
2180
905
30
259
345
798
443
621
179
1783
314
340
2034
1023
256
664
275
809
872
682
1254
1052
65
1067
400
264
221
51
1415
155
214
371
174
891
389
191
157
1829
554
1167
406
277
163
968
789
191
125
190
1345
574
1371
2191
903
1794
345
11
357
740
140
1305
91
434
657
5
157
58
1710
1452
4984
3542
203
700
282
13538
3019
708
4602
237
892
66
86
338
457
97
111
782
642
93
914
30
452
1846
1064
360
2040
3350
864
2004
1433
785
149
2967
601
208
403
142
82
112
1753
135
155
257
1221
62
175
470
44
1688
227
444
488
157
2636
185
193
458
72
336
110
48
121
135
153
648
199
756
373
471
221
423
999
5
174
411
480
77
3321
34
498
99
2346
3641
756
64
517
560
1185
1090
2029
381
521
1089
1200
331
220
2837
348
19515
135
111
672
1112
1820
1163
92
230
5538
675
190
125
7706
14879
63
6131
5656
10196
156
35
3243
3036
11666
95
441
1698
7944
548
266
538
3537
84
1125
990
14673
5000
68587
17971
7321
351
300
129
4681
1362
3939
254
1121
2469
2000
2000
1000
4273
4000
