1161
225
504
324
306
447
201
225
228
258
645
819
1221
657
1443
303
924
327
1476
1293
690
1587
480
291
285
201
1089
351
462
2274
1047
276
1020
402
495
1428
1530
777
1434
243
360
351
390
246
375
432
936
987
513
1944
213
369
1539
969
246
747
1596
393
483
285
2715
2643
1542
222
351
276
228
2682
1467
351
1299
441
318
738
267
246
426
261
1299
303
300
756
681
411
1236
1047
1008
1170
1227
852
429
264
1005
204
1176
402
471
402
402
453
738
555
258
375
573
549
324
1062
243
984
990
861
243
471
360
705
1335
348
762
225
1806
603
432
324
1335
1032
984
483
399
234
897
660
345
348
897
939
927
408
1575
897
1086
1269
2577
1074
1167
1224
1221
894
783
1974
1947
1521
1746
1011
1011
1242
1737
1263
1578
720
1278
1308
435
1044
1167
1608
1512
2169
981
912
1566
1206
582
237
1584
1638
1125
348
777
306
318
1140
486
723
708
345
240
243
4167
1503
990
3720
1533
270
255
204
873
1428
2877
1473
6357
537
711
555
1485
1155
327
3006
4764
381
4485
1296
486
402
1839
324
720
300
1473
486
357
348
1605
1143
1452
3414
852
1581
1590
237
327
411
2484
1329
711
1695
4806
543
2115
1785
2496
300
462
264
3207
3162
3207
4290
1182
4425
4356
450
963
1368
1536
1389
1242
687
669
699
4095
2112
1617
288
1239
342
1161
354
1659
1032
306
204
1104
1416
789
360
2751
600
687
1527
963
1680
1143
822
555
1665
1551
591
522
405
492
2613
477
1077
258
3474
1104
960
975
2871
2694
1815
1194
573
1071
1074
1089
1506
951
567
1056
3399
1098
2295
4161
1524
327
2556
2235
222
1050
1362
1518
621
252
279
1575
219
231
438
453
1506
312
996
1158
1125
621
1041
1209
246
213
1446
762
693
396
3861
1020
756
864
1899
1140
1362
1422
615
1245
1281
771
1458
1668
1179
1161
1191
327
1512
279
1407
1050
1272
348
1245
1464
267
1005
2673
798
564
522
939
213
1458
828
684
303
876
2151
1905
768
2793
2205
1866
1842
1218
1923
3219
1518
840
2403
1056
1143
1017
1590
684
330
519
366
471
612
603
786
777
663
1827
2091
756
384
414
948
708
1722
3624
3291
1854
1416
1344
1341
441
423
2970
4791
1131
1134
1632
1101
1131
537
2046
1623
2634
1497
1938
1959
3831
642
657
1035
2040
3126
3177
1650
960
1767
1890
825
2646
633
1695
1287
492
225
1083
1020
273
1350
519
1314
612
3213
3171
807
456
1581
1659
747
528
1890
534
462
282
1248
762
3210
2316
564
1854
1554
420
315
1338
1023
1020
381
1143
264
243
1173
1335
1806
417
441
2124
2100
1065
1128
519
225
240
228
1188
1866
1086
1023
1002
1647
342
342
3072
1107
327
1020
354
1092
1119
1407
1386
1014
6732
1185
1341
966
681
717
423
1455
564
2442
735
3753
831
813
1065
1059
537
270
1239
357
4419
804
5067
5070
1068
231
876
1581
1065
705
2877
1557
558
993
618
306
501
933
1077
1623
1680
3324
3309
375
2040
390
219
888
2211
330
1392
2220
1731
1476
1065
1776
1479
3522
1605
636
594
1755
426
3297
1422
1425
681
249
1221
996
1059
1566
1509
276
606
435
525
450
336
891
909
2676
1110
861
1422
1032
588
618
2388
570
498
582
552
3654
1923
1008
1578
270
288
1938
573
1512
282
822
1608
1545
1965
723
3213
3225
3396
249
270
1218
837
1485
1056
2088
435
3231
3291
870
798
873
1980
1332
1173
1635
309
642
1497
1308
1320
567
2340
1806
741
651
4485
561
2454
228
1461
408
1416
1521
1425
312
933
1410
720
270
1347
1458
291
243
408
2517
2511
2514
432
1536
681
1101
1824
882
1839
1188
549
882
849
1899
1014
690
1530
4653
1608
4074
1938
1941
843
474
1914
3165
465
1485
1341
1470
690
1062
1056
525
453
1161
1431
339
2217
3342
1461
1128
435
204
402
366
309
1422
228
2625
2238
2235
1098
729
312
1194
462
1503
2865
1818
261
516
780
1212
3219
1353
687
1083
2919
1170
1182
2355
249
489
525
225
1728
2373
1494
1023
360
930
2721
1530
1419
1698
2379
2565
1482
1575
396
3780
3783
1263
813
450
1110
240
5658
1989
1242
495
492
228
636
351
1938
1425
828
2868
675
975
1002
288
2331
927
1479
471
267
2562
1425
210
462
957
927
288
1710
1551
1572
414
867
1872
438
1128
2739
2361
969
1851
357
1545
801
1563
1635
2259
846
321
2346
1515
729
1137
450
609
1590
2706
348
951
228
1581
381
1731
2613
891
1338
2787
2820
540
1404
1026
2040
921
981
1740
1068
558
453
1065
1125
2211
657
834
837
390
2868
2151
1953
1308
1365
1380
1224
231
948
912
1407
1599
1281
1341
1089
1758
1755
1857
447
516
945
936
882
375
1158
1176
1209
543
2046
1290
1503
2988
702
327
1065
1845
2832
435
2223
465
705
1038
1887
2163
2139
264
2553
309
1083
768
1173
1752
1290
1632
1344
1347
3279
1599
864
780
2178
333
477
1056
1329
2487
1617
1248
804
504
402
3900
2364
321
255
651
1104
906
525
2118
3546
3594
393
270
2538
1539
738
1368
1371
447
981
2721
219
309
270
1278
261
804
999
1137
1305
3165
291
2109
3594
1470
2955
1158
915
681
1557
3498
2115
2046
4125
1080
2034
4131
1767
3816
1533
3975
3315
3366
3465
3204
2865
2580
2367
2163
1005
267
300
600
651
528
2256
2310
1653
357
216
576
1824
339
1431
951
1869
807
1416
366
450
3180
522
750
1281
381
1206
393
438
1209
696
750
3915
2484
1047
2217
3645
1221
696
2163
1071
285
744
1044
1197
582
255
1161
1290
3357
681
1353
1953
1302
837
1236
1131
309
1215
1104
1497
1200
1212
348
1227
1074
1554
312
303
1257
399
474
480
231
321
315
2286
309
543
825
840
309
696
648
1320
3339
393
1542
630
1461
609
981
765
336
2091
1197
489
471
1404
1407
1704
375
1593
1254
234
354
363
1509
849
204
1098
690
687
1110
2259
1044
273
3945
1866
1653
1281
1134
1101
1239
960
4194
3951
819
459
1215
1197
927
300
633
630
414
3207
273
216
501
4293
825
1602
1608
1029
1089
1020
999
930
663
1902
1743
1275
201
978
453
1860
795
225
1485
597
876
354
996
1821
222
255
261
501
906
249
216
366
1242
2067
2442
1812
1548
4191
1824
1065
1473
1443
921
1683
1734
1971
1383
1335
1938
420
969
2283
966
1110
951
225
456
1833
1362
2241
372
588
273
612
1962
708
693
660
1392
528
786
807
2421
1386
633
771
1047
357
615
2001
2508
303
897
387
759
462
336
390
255
396
990
306
2349
798
369
1932
483
480
633
291
1110
549
549
375
528
369
927
429
669
201
300
1131
528
261
1104
690
564
570
1092
417
627
678
933
294
360
969
309
477
1533
633
636
1629
2634
1662
1647
1665
315
465
477
309
1542
414
747
603
2019
4215
2553
1551
474
345
279
336
954
906
1602
582
648
660
306
756
1347
1350
1509
249
339
579
4146
768
213
4878
342
441
315
624
417
942
417
1185
1104
1101
1575
1035
1035
2211
282
345
462
1842
1782
651
1107
1011
210
243
246
3369
1455
1701
894
1392
1941
747
2445
1317
609
2727
1107
2541
1359
831
2106
1425
426
321
225
807
4272
1260
1362
309
834
1242
657
360
456
1080
894
4302
5064
2457
1881
846
309
3648
210
342
1737
1086
1704
468
576
330
4599
2862
1698
3810
963
1155
2469
315
1770
867
309
2556
1401
951
288
642
243
234
666
426
417
4281
417
270
5034
1143
1416
1653
1701
1515
1530
1014
804
879
2214
2367
2352
1308
1266
1131
2787
1257
1689
1437
1920
1023
1107
771
978
1020
2529
438
627
978
1029
303
2253
438
786
342
885
1242
228
1116
1059
1209
1782
654
1707
1662
213
759
1284
1986
735
10722
342
543
738
756
1059
987
318
354
2481
336
321
840
1167
2196
5037
390
1683
1398
1761
414
1167
1950
1332
759
1017
2109
2043
2253
1368
264
1158
1086
1029
309
1389
2001
5127
1440
1245
1236
1605
1386
1992
3255
1839
615
3669
1971
291
1407
1899
321
675
1899
1800
597
1356
1020
417
654
1566
993
579
303
1128
1104
2931
3906
3240
294
2241
2187
408
693
1452
1746
351
498
267
600
2592
867
1509
741
1407
972
1725
294
585
1086
1647
306
1005
333
801
1500
1302
408
4692
279
498
501
471
405
2499
2721
2571
2490
2451
2031
1029
279
4011
531
222
201
405
1230
2211
438
1245
375
360
234
555
300
306
639
1788
3159
2334
1536
1173
1116
4842
408
246
351
330
1833
573
1299
729
543
2304
2307
1518
1203
1254
3777
363
1974
741
1353
5469
5664
2142
876
4296
933
1128
2151
414
1083
660
2802
3702
612
1404
2049
1302
543
576
864
618
282
1605
1077
1077
2793
810
582
1434
1617
1884
999
2019
573
606
504
378
1308
1329
1317
1827
1440
1545
1593
1542
1500
2679
2085
432
2994
327
624
960
1128
1728
939
1272
1884
1881
822
837
870
603
1335
3396
291
279
3150
354
369
1506
1422
906
2715
453
1266
1269
2085
813
1104
1026
240
1419
681
1791
972
444
1992
1989
735
288
2562
372
450
333
1041
1617
501
654
1110
1131
462
1434
1758
465
513
1227
774
2490
1728
549
1623
1125
969
939
933
1056
228
984
1608
1077
1200
1311
591
1257
2157
819
1518
351
1065
1077
465
1263
1590
1467
1878
3057
2472
1791
2016
2028
2040
735
414
1584
921
1113
1818
1809
1626
1617
1659
1848
1530
402
2724
879
2409
1770
657
762
978
570
588
1239
561
714
2157
1353
792
1722
1524
1500
1398
309
924
699
666
1701
1986
882
753
1095
1083
1095
1878
453
369
402
432
276
2496
1437
1659
1224
2349
405
1230
1413
1539
1599
432
393
1551
1365
651
2628
618
561
519
1617
2319
501
522
522
1032
507
1221
396
3447
870
1233
249
909
855
1083
1362
1701
1704
396
426
687
429
954
1074
378
516
831
888
1203
483
1656
927
1662
312
906
771
918
348
1560
1485
3720
555
531
1506
1722
1422
489
225
1500
375
1788
2247
2304
417
225
597
375
1572
3846
3570
1371
936
1005
342
768
777
1068
1383
1176
1584
1281
969
1236
1626
360
459
1719
1422
1980
1917
2424
870
1581
573
1005
222
231
231
858
300
2037
1680
1548
1482
1737
1545
1542
1725
1779
384
3057
1062
939
267
309
321
5736
1314
1116
1248
2187
2031
759
918
1515
1572
2001
1431
1521
1581
966
4551
2235
2781
1389
684
1371
699
540
1791
1773
1155
1629
621
1164
732
972
852
630
597
522
510
594
1083
210
1170
1647
672
1404
1059
984
684
1116
1689
1641
1134
228
402
2298
894
696
696
1350
372
735
657
717
462
756
363
843
477
729
363
453
357
588
579
330
264
513
486
726
321
324
309
345
723
876
372
255
498
888
615
336
726
483
1374
585
225
204
1122
1296
951
483
1320
324
1509
516
636
1794
468
2853
3177
3279
2934
396
747
663
597
600
1080
972
717
843
207
4236
501
546
276
1494
366
756
741
465
468
534
267
2673
933
2682
246
1578
756
582
531
225
336
579
1734
330
309
396
240
516
483
1485
486
708
351
321
243
495
516
300
1644
1539
2883
486
300
201
267
1215
438
948
576
675
2631
564
1116
318
1056
384
846
1071
882
240
312
600
795
498
384
2250
2181
462
930
1014
2463
1356
2574
1812
1053
1260
585
315
540
300
306
390
795
540
456
1791
567
354
576
294
210
2664
336
921
567
537
231
486
573
2181
1617
459
636
3402
4419
3279
966
687
324
1539
1362
246
1608
831
879
894
321
2310
297
204
384
546
1041
1080
501
1377
366
2154
1992
684
963
384
1473
1509
336
471
465
1488
504
2328
369
1329
945
1065
411
2130
1248
483
576
2226
2115
792
1677
2115
792
1209
1251
1677
348
942
963
1080
7791
786
7680
2211
1374
993
1056
1173
330
432
1542
1380
1107
1152
477
738
2649
411
2091
1632
480
1248
396
1047
2454
471
1023
2913
6492
1689
1353
1509
1416
327
309
450
435
417
507
888
1104
345
2178
1752
1761
399
321
600
1470
984
1107
3159
342
1566
636
1119
204
1683
1890
2103
1332
231
288
933
768
831
1890
1641
1800
513
1512
2211
2334
384
1506
246
1923
2112
2016
1464
246
429
1854
432
1404
1968
867
1320
399
1086
1221
1815
1182
1170
1188
867
1647
1539
1551
3039
2301
2319
1266
405
243
582
2334
693
429
1257
720
405
1413
717
828
1101
2829
5244
498
3045
555
3651
279
1881
1599
441
492
654
201
504
207
1395
492
708
312
1419
750
1068
324
1131
1080
1356
612
1332
1764
231
2958
708
699
1251
1128
3126
1755
957
690
4557
4416
1461
492
486
639
429
2301
2289
1497
1539
462
1824
1488
372
3006
204
648
1437
1320
834
705
3984
771
747
1254
1746
975
1884
495
2070
6726
603
1392
2817
339
654
648
1302
2496
1635
1584
1665
1722
231
243
1464
1734
750
726
435
2373
1866
1665
1422
1725
1422
1464
474
2694
2934
921
1515
546
1353
762
261
561
579
3138
1191
2727
1320
1371
483
1014
1500
1230
1770
1794
2982
1008
498
1311
384
4875
4878
2583
1416
1305
1047
645
645
1074
2778
768
957
798
5199
2871
228
1023
546
519
300
1494
2013
672
918
1791
3153
1665
1716
879
1320
1314
390
2988
690
651
1095
1071
1137
1728
603
1074
621
3522
387
2661
2139
267
861
3201
2313
546
630
249
1146
1020
522
333
522
1137
747
324
456
522
633
633
555
1179
720
2037
2370
3372
1212
261
2433
2166
1092
1017
474
483
666
666
1440
903
1065
1431
402
945
1197
345
2745
615
612
615
2367
789
1371
1137
495
459
495
1425
1257
1233
963
1404
3900
1119
468
2388
1260
1959
3999
4779
2412
2880
1362
297
210
1791
1752
858
1140
783
1086
1557
414
414
393
1017
3348
711
1275
411
1050
2202
2313
777
2940
2934
222
663
1449
564
3489
1263
2238
669
1164
1200
6228
204
816
759
630
297
846
567
1650
1872
1869
1740
573
513
510
477
885
306
1653
321
564
2985
669
2220
2241
264
600
225
1386
2742
1587
357
588
306
1458
1443
318
321
648
1464
1266
321
1389
546
1119
3402
3411
3414
4767
912
1713
1731
4284
1146
1623
1029
1524
597
750
567
2001
1182
2676
3249
1083
2430
1734
399
879
1263
2958
915
786
1068
1473
1395
438
2151
501
606
1509
1554
591
2700
2922
486
2196
1488
363
1689
3003
1188
1947
1809
1083
1080
1341
690
741
723
786
1689
1821
3573
1971
798
1110
2646
2643
1917
954
486
1731
1941
1938
2061
804
339
1353
330
783
528
1044
774
3708
1614
3453
3456
951
1086
1143
2781
1191
315
225
600
2481
729
393
492
324
276
642
1407
675
1671
942
1749
444
822
1158
453
1986
960
3915
3978
1560
1563
3150
423
1623
2283
963
2460
2841
3447
1671
387
891
4284
1131
2259
2613
762
864
2061
249
603
1722
837
1578
2406
1107
2040
1782
735
4203
1257
585
627
1227
525
2688
714
1599
2466
939
753
2010
2520
3252
675
1392
678
1329
1440
927
1863
3369
282
984
1818
834
1443
237
2781
3345
3402
2334
1638
1500
639
354
942
1425
216
849
402
1386
318
1728
696
1095
813
4077
984
3402
513
483
1038
1569
939
4431
954
1170
2196
2175
1281
1008
3255
1656
2289
2292
1053
786
219
477
1068
270
912
1278
2748
3399
1242
2718
2724
795
1419
375
3021
885
309
285
2751
753
768
1023
1146
5229
798
1134
1227
2211
1785
414
1587
1341
2784
2916
963
2808
2031
951
795
207
9720
789
783
2880
381
360
306
2778
570
1194
1929
696
753
633
690
339
1212
207
966
462
3414
651
3507
339
1263
2640
2643
4758
1944
1947
1629
1605
522
2697
282
1776
1779
1617
438
1005
1443
1920
1242
2805
1350
471
924
2544
741
1062
891
807
1644
1590
1746
1407
354
1074
942
657
501
1863
939
612
504
1257
726
1452
795
837
1524
1602
363
432
2271
1107
765
306
450
348
2538
933
1005
1371
243
837
4506
1506
1572
1017
1290
663
708
318
1638
1122
3120
513
417
492
612
264
456
531
2403
2463
645
399
1320
720
273
228
297
1794
1845
1197
267
1053
1761
300
591
1200
987
1014
804
438
1371
303
975
414
513
3714
327
8550
5262
1182
1128
552
615
387
669
1524
681
429
483
987
582
1098
1311
1338
744
798
1188
1089
1407
894
1536
2739
1071
1572
1554
1551
1596
399
684
555
1215
666
1062
3423
1413
3426
2235
873
360
690
1266
3642
726
783
1899
1734
861
564
558
888
669
1137
1263
1398
1278
1653
1656
354
3549
972
1320
2460
1842
867
1800
864
1797
753
2004
513
4599
858
1065
1047
1104
1341
2247
894
1440
1431
1056
1068
1113
840
387
1089
684
762
1974
849
1065
2181
630
4071
795
1386
1419
1410
4023
1698
516
714
1644
1320
1374
777
2070
948
750
732
798
720
1209
1092
939
840
678
732
1449
1392
1380
2160
504
1077
1002
1272
1302
1740
1503
783
1485
642
765
1752
1476
1401
975
399
1461
273
1107
402
1143
1242
837
2301
1134
1617
1443
2769
1206
1656
237
822
360
441
876
4854
384
2847
2493
2559
3360
2124
2004
360
570
1938
543
819
1077
1248
1542
2415
240
927
777
1260
945
861
417
1950
1461
1458
4968
798
618
336
2070
4380
4350
942
1575
1731
1209
1980
495
390
927
555
1239
2655
1002
1581
387
402
3315
1239
2127
2574
1293
546
2454
1839
3150
2361
1203
2307
1248
1083
1644
1407
1107
7287
6147
3423
1659
1722
4293
771
594
870
1689
6567
1566
1038
1986
1848
780
1374
1371
1296
420
1314
288
672
357
3471
4248
465
4257
1410
1161
2400
387
2874
1227
570
810
561
564
792
711
441
2136
1197
1449
3027
2169
576
1650
1851
912
786
543
861
3054
1617
807
4005
2556
1134
1473
1083
1206
1158
4683
498
1362
3648
2355
1239
1587
3528
2613
2565
369
3450
765
2610
1569
2562
606
939
1746
642
708
642
2871
1350
1485
1161
1551
885
1026
777
201
300
993
2016
1689
696
1740
1473
1020
978
1086
2472
2274
906
4233
1533
531
1053
543
1074
549
933
222
1152
2439
1089
2169
1074
2910
2892
1770
2166
228
243
846
324
291
2097
528
10836
10902
1005
2154
2352
1149
2448
489
1158
1683
1500
1164
2001
537
522
1935
1089
261
1176
1362
1590
1947
1848
1725
1362
1383
318
303
663
654
1527
1617
1032
1269
2253
666
681
615
1557
1494
3096
687
474
1863
1254
1287
1284
1158
2010
252
1089
1188
1485
1908
879
2625
1221
546
615
750
1875
1869
1860
249
1320
408
1074
267
3120
4038
1155
1230
903
1248
1578
255
249
222
1296
939
1488
1095
2427
1548
1281
1224
1362
462
1623
306
492
750
342
474
417
444
348
4014
1449
3162
1902
1113
768
1317
648
654
1530
1689
1131
882
1416
2349
1668
459
798
2157
210
993
219
2070
2628
2679
2271
1227
1545
633
1446
1020
846
1548
2343
1065
1053
330
771
711
993
1701
2964
2403
2382
1338
1911
1224
2214
417
519
684
243
1932
1071
2373
2676
810
306
918
3015
2280
360
693
1641
1590
1629
873
1383
3018
240
906
2766
477
1386
591
996
1068
1071
1251
1404
954
219
651
312
321
4020
4071
4179
582
651
2172
1794
954
1470
1473
1614
5712
1650
2553
1845
1851
3267
2529
372
702
333
945
1437
894
360
282
363
1968
852
621
303
546
792
576
336
759
1389
3291
498
216
1593
1416
4425
1122
426
1653
210
432
1749
1308
3165
1089
1194
1983
246
504
2970
489
1023
1023
1056
1806
1125
609
960
312
696
1143
1116
3159
204
285
342
705
2013
936
567
1509
1638
330
345
1275
2481
2496
690
735
285
2346
510
3288
3279
3501
327
2340
1101
1239
2025
1992
1830
1707
1758
1350
1989
840
624
1206
1182
2436
2433
1077
3234
1548
1443
657
1209
1785
1806
1191
2562
1854
1815
498
489
1065
246
498
699
513
285
288
1650
2838
2847
3807
591
606
885
483
1323
2961
282
936
936
282
4347
204
807
3579
816
2133
5502
1746
1362
390
525
468
267
1371
1344
2103
2001
2622
339
351
1584
2082
2085
402
3354
1185
1401
876
1578
1170
936
819
330
2259
630
5877
1824
1323
252
1944
1413
1026
1287
3315
3321
2958
888
636
540
1005
369
1767
1008
1122
2283
984
366
1167
213
531
339
2214
315
984
852
498
675
1641
489
1824
1800
1872
291
3141
315
594
3624
1977
816
816
711
351
351
1368
207
1125
2028
522
504
414
1341
1632
234
231
1125
393
456
567
1884
1899
2823
1965
2682
2685
345
468
1305
1137
1491
273
546
264
528
3411
363
969
432
1143
1188
1857
1728
1827
465
2748
333
2658
2655
1212
369
273
441
2067
2757
1065
3366
885
1656
747
2046
1656
2301
2262
1311
528
312
2808
1359
1239
879
759
279
327
210
306
420
2139
219
240
636
510
483
573
357
1863
360
798
1662
321
414
348
414
768
2214
993
306
1593
321
1242
1290
234
204
843
1080
507
606
558
1065
1092
642
348
1368
345
2640
3195
819
2982
4752
1710
2508
1158
2835
966
1191
4848
2880
294
420
5733
1566
1077
1587
1452
366
1686
3138
1077
1971
402
537
210
1611
1119
855
699
1242
1491
519
201
2769
2190
348
216
300
291
531
1182
1146
207
624
621
1590
381
321
288
1347
543
2028
1236
258
732
270
2622
423
204
276
648
288
1269
1656
1551
486
600
1077
732
2364
2370
234
336
1260
948
318
513
1557
360
729
1557
231
258
567
1482
1272
495
468
2940
675
576
1002
291
240
1566
1320
1437
273
4389
354
360
336
348
243
2748
351
849
786
780
1047
1065
1725
1785
480
1125
2697
762
777
339
2505
942
270
624
1059
945
534
489
2070
450
1629
1110
765
735
1095
2118
1404
939
972
921
795
564
327
654
1305
1419
951
576
570
870
642
564
927
369
324
1869
630
1485
912
312
1194
864
909
1029
465
1299
774
879
258
672
315
822
540
828
2019
996
2982
909
1767
471
810
795
2196
717
1281
261
1335
930
546
1161
1047
1518
1308
4704
1623
1683
801
1401
6297
1137
324
852
1764
1305
1299
1368
924
1080
504
543
813
1599
357
369
585
1713
1767
300
612
795
696
627
1371
450
2277
327
3645
3774
1284
2712
1359
1737
1578
2349
987
297
1050
222
384
4374
4377
855
1065
384
1404
1950
267
2862
420
477
1830
228
1050
1713
402
903
5439
1524
1629
5643
201
861
504
228
396
705
858
552
2904
2886
366
3174
312
954
291
798
597
2403
519
2952
3222
990
1068
1842
1683
564
3006
1125
1272
1275
735
1455
2181
1155
876
936
1500
465
459
327
582
1293
678
411
708
273
3396
3447
246
1497
2358
738
1827
714
246
1152
747
2163
1899
405
1230
717
2856
372
354
504
552
1374
1368
306
576
774
804
510
873
1866
3678
3927
1302
525
312
1548
1530
357
1065
312
441
243
570
1443
1554
1317
852
1062
1686
429
1311
339
3069
1035
1725
552
630
501
1287
441
543
585
1098
5316
1392
585
453
1026
1524
894
936
1518
201
258
1362
1362
2253
936
381
1269
1104
1560
312
1134
1131
2916
990
993
1155
516
546
270
501
1002
651
1482
720
882
486
2406
2463
348
2070
939
2880
372
1242
726
1926
1605
1242
1557
1464
672
345
1245
525
2700
582
570
261
384
2751
501
381
1017
750
1671
873
3687
1098
978
417
444
381
279
288
2019
1077
840
1146
2430
2241
351
405
1251
3546
834
771
615
849
852
2595
2187
729
750
6447
1287
1008
1017
1521
2043
1749
3789
246
312
1428
1116
363
1881
2892
1122
1329
444
384
384
897
1026
2517
948
366
5748
1260
1986
549
540
978
645
1557
3939
1233
2634
501
294
750
1233
1620
1068
3552
201
267
4413
2586
1908
981
621
330
315
318
648
387
282
1314
2145
2139
4110
4761
216
2172
1329
537
1488
885
1221
849
1206
816
939
1251
1347
387
411
348
240
1296
750
1695
846
1305
462
1080
2223
2430
420
1662
450
417
450
372
1494
1542
2622
1584
1266
1875
966
1833
924
1371
3171
3129
276
1824
1542
2169
768
606
1086
687
780
840
396
984
264
10350
3183
423
2853
1884
294
1521
1227
2046
1368
6750
1314
2670
948
1350
1872
1242
1665
783
1866
1206
2331
3558
1737
1539
333
1566
1332
489
1197
747
1743
1071
924
1158
243
1524
1488
1569
840
768
921
786
810
1467
1509
1449
1662
2217
6753
1581
1965
3711
1629
771
4347
903
3066
645
1212
1041
4233
4269
8373
8370
717
540
2979
510
2532
2499
2529
297
339
303
1755
354
1905
1038
1104
1515
2436
1116
1377
2019
3825
3024
1275
4437
678
1302
1962
1065
426
1089
837
567
744
2010
807
1548
2907
1953
1740
972
315
324
2241
1143
1713
900
594
2517
360
1113
417
987
840
5703
2478
1380
375
1851
1398
546
2631
3669
1236
1101
558
1059
1056
2943
783
807
6057
996
2010
207
225
1230
252
951
957
1608
522
1257
5115
645
822
1236
636
822
642
2919
1530
270
477
573
3366
1200
228
303
2586
642
459
588
1656
777
282
2112
1074
327
1593
573
957
543
1668
1371
2391
2400
1725
621
552
4266
1347
2943
1167
930
933
1563
843
537
558
2580
2583
1221
315
669
1542
792
1404
651
243
576
312
345
1497
753
3003
474
828
480
984
987
624
837
1335
768
822
1692
1698
1470
4737
2370
3114
1104
2850
1578
3018
2439
270
1344
1272
1074
1197
783
807
555
1374
4488
1548
516
2253
1290
2481
2481
1527
1527
738
2112
1140
756
1062
495
705
852
1146
792
726
1785
2775
2499
1263
1482
3462
228
3444
336
1884
4053
1416
495
660
894
1326
1254
1512
1524
4158
774
2016
465
3066
435
1008
537
546
1749
849
2421
2391
315
1689
840
681
1467
2208
960
1443
1884
1707
735
1197
594
2373
2850
687
1464
1782
1788
1092
306
1164
1566
369
4434
6267
744
282
1167
207
936
1101
1419
1383
558
2193
927
1557
615
2235
606
2781
981
1611
444
2622
4005
2184
2640
414
1938
3702
1557
567
918
1506
903
402
414
2148
384
2724
1296
1347
3177
1254
1032
1971
1872
846
927
342
246
879
828
534
672
363
1311
2226
858
1146
873
1518
603
348
483
1335
864
3324
2505
2829
2013
978
1806
1191
627
1614
834
960
1059
894
1554
489
1617
1281
2295
1575
5697
5706
1566
1728
459
990
819
1011
3816
411
2508
1995
366
387
828
2295
1098
957
759
597
1092
441
2391
1215
951
3417
2289
651
1797
1452
1239
558
1137
414
567
924
741
1779
915
4911
537
1104
2859
2814
450
3996
2790
2286
876
414
9324
3867
1851
2718
513
1371
402
4032
1050
3474
2328
555
3573
1800
2280
2943
336
756
1110
414
2475
594
1443
1164
1173
639
249
600
1050
2217
1344
1746
1914
840
1500
765
1287
2721
2598
411
780
552
1095
1350
3273
3696
1326
969
873
681
783
1041
1191
1083
693
3969
4038
2322
2070
939
234
1965
531
2148
2109
750
1359
1350
471
2283
2286
435
846
336
1029
1368
1689
1398
1605
309
834
1569
1584
1533
651
312
2379
624
1677
2199
2076
4068
381
3132
1059
1056
1608
2628
627
699
1581
654
4368
1308
480
780
1461
2742
345
999
711
360
882
255
1422
2517
2565
1200
1743
585
960
942
528
513
678
2202
1602
2154
639
2589
1728
1587
237
2178
1584
642
2322
1920
1401
1200
408
330
1563
1998
981
2460
1512
960
2640
3195
543
3054
2532
366
3357
3501
3504
3501
789
642
4014
783
792
1884
567
690
1071
855
843
480
1632
1707
1350
1350
3975
2655
1059
1860
1446
1569
2775
1251
1389
1590
1293
2328
1524
411
291
1386
651
3300
681
2739
816
5643
1560
3888
909
5409
5541
903
996
3315
1053
1176
2019
1380
876
1536
1653
249
1344
4437
4398
663
375
2412
390
321
1845
294
2163
1722
3831
843
1677
1728
834
585
3225
3492
2268
1860
903
1020
1056
1218
456
447
762
1548
3171
2013
594
828
1032
1002
2538
1518
1020
936
1398
1503
510
3282
3219
3276
522
1575
924
1038
318
1341
774
2514
3261
939
483
357
411
2076
1590
1749
891
1503
1086
894
3681
1833
1380
1404
768
1671
2949
729
636
1707
1971
2010
1728
1977
1323
786
1668
342
1065
2664
213
2274
2988
2148
951
393
543
1143
744
2298
3150
1836
1029
1071
1629
1302
681
1923
1671
2838
1668
2139
954
1221
819
1572
1299
1659
1971
2226
1038
3918
795
507
312
1995
1929
1254
1983
1974
1101
621
2079
2091
498
1866
2064
1299
1188
1947
1962
3432
972
1053
1560
2940
1518
1506
324
1482
204
1257
1098
3285
1383
2091
3804
1836
708
1545
204
957
4497
1065
1071
1236
1515
4665
3303
549
672
1023
1350
2106
1419
222
1065
1329
2568
216
1821
2073
810
2700
1218
2766
396
807
954
387
1383
3615
771
1272
1992
1287
558
3489
4101
4008
669
1998
726
1287
1773
699
3870
1089
426
2037
1986
3900
894
1728
1182
780
1191
1893
1791
990
2295
2259
3975
2034
1047
1092
534
1257
1122
1257
723
933
1281
1413
1932
1017
669
789
2529
312
870
807
645
1809
1818
3729
1479
1128
1134
378
834
1257
1830
1491
2250
633
1911
1914
477
486
1377
2322
1503
1488
2793
1092
432
2529
3873
267
972
579
1101
540
336
222
2769
1665
5484
6867
210
1347
522
882
1908
1548
207
219
477
474
231
246
1050
2475
2919
3954
1404
1113
2493
303
1662
4185
2058
231
2886
942
420
264
2652
759
1029
1077
453
873
1713
1674
3444
1164
1497
2772
585
1209
2826
2811
1125
741
639
948
2706
915
1464
300
1368
1431
222
1722
906
1029
468
1428
267
477
1143
5364
1944
1956
4464
1650
1722
1656
372
2943
1647
1263
6045
6111
1077
267
1206
297
1557
2709
1617
1611
444
1989
1554
210
480
201
1554
480
285
3147
906
324
723
456
1074
261
1119
3978
1938
759
714
756
4788
330
1221
2586
2217
531
3516
1041
1176
4839
3771
2358
2001
2031
1302
936
330
2757
1764
984
729
534
1698
2709
216
213
651
1875
1419
462
324
363
372
1371
1518
3117
2211
849
2016
1335
2139
351
600
3744
900
645
1677
1689
1119
921
918
1161
837
3981
228
654
1284
225
999
930
1872
210
423
1356
3891
1239
525
1788
1902
1641
1125
2304
456
4314
423
1593
1023
558
2706
1281
1023
426
1038
873
648
342
1692
3114
582
444
1191
774
786
2202
579
543
1737
975
1662
4248
3225
4152
1041
237
327
957
327
564
912
1638
633
333
2505
3831
1377
654
1086
2955
2502
4869
1311
492
585
531
210
537
978
231
381
420
627
645
288
420
333
540
1473
1188
1560
654
2055
804
2028
1338
1239
1224
216
1395
348
966
864
1782
918
1254
1320
477
2229
690
540
483
1257
1251
2043
1149
1050
1146
384
1710
390
2961
318
414
414
1281
2385
333
1092
222
507
1797
474
579
201
924
1056
1122
1461
813
2127
1200
1185
864
810
1686
1413
627
1914
834
1551
1212
234
1539
1563
1743
1545
459
3327
1839
501
396
1581
1554
495
216
984
1056
921
309
492
477
1383
654
927
648
429
630
654
261
729
582
1026
1992
3108
1227
1224
522
585
504
1593
1506
231
402
1719
1902
1905
1902
1761
3897
1515
2301
474
249
567
570
249
447
219
390
522
300
423
321
2739
267
2691
372
384
483
777
705
288
1299
402
303
366
1257
1236
2196
852
1023
1659
1404
1452
1251
588
426
855
222
324
2874
846
201
210
687
474
669
327
504
303
1008
510
504
435
588
582
474
1311
2973
1152
2712
381
801
1389
270
249
381
645
738
918
1914
1665
351
966
339
918
423
597
1293
363
2184
414
447
2259
639
1362
1008
891
1308
1305
4149
651
591
1002
1056
960
987
921
960
642
1332
861
516
2931
1971
1617
1725
921
1620
2676
852
693
222
297
1113
1194
675
348
678
1461
882
948
420
2862
1176
1386
2895
567
633
1434
1215
987
1044
408
1188
1575
1062
954
2700
1833
1710
1839
1230
5952
2451
2514
252
1605
435
507
675
1365
1353
525
2886
528
1335
1083
651
597
654
1167
1434
3522
3561
684
969
441
1719
420
417
801
1647
3312
336
1017
528
2967
1668
1752
1401
1746
1803
885
1428
6069
921
1059
948
486
1644
1701
4668
459
1479
234
1074
963
1560
1560
963
564
930
3615
900
1113
336
510
522
2793
963
522
1812
1326
1077
1236
1425
3075
369
1608
1656
573
585
591
1416
1641
1641
1962
2019
267
492
1392
2127
933
885
879
1056
1257
2289
3441
3513
2001
1593
738
1335
705
735
2604
1935
1800
2427
1815
1977
1911
1860
1917
888
252
2196
2088
411
963
1215
567
1206
594
699
1227
1065
1320
2682
327
339
639
783
915
8142
2883
1359
1116
876
660
657
672
1317
2406
567
447
468
1071
258
1179
681
1974
1962
543
549
3513
1941
1065
1074
1020
717
1959
780
786
540
861
765
3360
3348
1359
1479
1746
1317
534
705
504
1392
909
1578
1008
1110
1245
1074
885
378
366
1791
1761
2310
3207
1695
1011
3300
486
1518
213
459
327
414
1017
1749
825
339
2691
7230
774
207
1080
618
1173
1137
1017
1845
1395
2250
2766
2373
297
399
390
468
3558
735
1080
477
468
714
861
912
738
882
975
516
426
2493
1314
1911
1236
1821
273
2142
354
1824
1809
432
1812
861
1158
1215
1659
921
999
978
957
897
1338
1686
5436
2970
2757
963
564
1812
2448
1689
3588
1995
2046
1470
2994
501
717
1134
1002
3378
2913
3654
2901
2826
2886
660
762
1152
384
393
3735
2310
1179
1467
1308
252
201
2007
996
939
2607
2637
999
1080
3516
1830
1086
2235
333
3729
5229
1338
2943
903
849
2991
1446
2979
315
1251
2556
1278
900
858
1509
573
333
345
2589
1668
1281
1413
3462
519
1590
453
816
1728
882
750
381
549
3216
1119
1662
1653
321
1170
1605
1899
1710
1842
474
927
438
1239
1707
2490
570
1842
543
1440
1143
1290
357
666
2043
1323
1353
2160
3642
1161
1677
1347
867
1851
429
2049
1068
876
1671
1551
1602
645
1809
1965
1473
2631
219
612
972
3069
3069
1551
1191
369
906
594
366
954
5172
1053
504
2172
3165
3210
591
453
252
3210
342
252
453
591
2466
858
1071
1248
1242
1149
1377
1152
978
1398
525
546
2337
711
1344
2760
2712
1392
2526
1629
1503
372
672
2751
288
498
1869
1380
468
483
1164
1185
711
627
1983
2922
282
315
1755
3420
3753
930
990
978
267
2331
5532
474
930
1797
1698
2964
3033
768
1506
1500
1980
3111
1284
1587
2370
621
1941
1482
576
702
1887
2061
1764
1674
435
5094
4992
1515
1005
684
2028
1449
678
3147
2448
744
1410
1128
1068
1209
2373
792
780
1986
1269
1710
1443
1473
2946
2643
1671
831
7758
327
1623
945
2373
1239
1644
2901
783
1137
1575
1236
1203
534
1011
717
753
411
1320
942
522
399
309
1770
2655
927
1935
1068
489
432
1707
1071
1128
2676
1116
1287
1191
1125
1581
978
789
1119
2535
1545
969
255
2307
474
1053
1029
1314
303
1419
1791
897
2925
546
4338
1131
648
2526
1914
972
648
1917
1446
507
2568
1467
2694
10587
1971
1230
1629
3189
765
3912
1302
2511
324
900
918
2586
891
1287
1392
1494
2043
459
3603
642
258
327
372
606
699
1731
816
1110
471
1548
654
567
564
435
693
915
2112
585
1668
399
2523
1578
582
987
2847
3654
1332
2043
375
786
1479
1620
1989
555
1470
726
774
300
759
1314
555
1233
660
681
2826
5148
2055
573
942
5334
1818
2883
3231
552
1527
1740
861
1923
2646
921
3093
501
501
1728
3336
5730
1044
801
1629
573
387
657
975
2694
663
381
1335
579
2574
1461
711
1515
2643
657
1272
801
681
828
1005
1809
528
297
1443
774
327
321
678
252
2631
1245
2400
387
411
1119
681
708
531
1785
1065
558
870
1293
498
3594
2520
2514
1560
1230
771
549
2616
963
951
900
597
1206
4632
4635
234
816
1788
1485
747
768
672
1155
1098
1182
891
1113
1176
1203
2598
738
2874
1422
1026
1263
228
1386
1275
573
813
678
1596
1056
1746
288
1551
1560
1230
1128
600
1002
621
4770
1305
360
1809
2859
2865
786
906
3189
1638
1644
222
654
564
612
411
1473
1188
645
3189
1746
1239
1593
1455
975
1356
1920
1461
1215
1443
1722
1203
972
1377
1365
729
798
747
2580
327
1635
1047
2340
942
639
1767
1824
1239
801
558
1638
1764
1710
387
1080
516
405
1368
1797
2154
360
1722
246
303
1350
522
219
771
1011
1083
1017
1101
819
588
360
1176
2070
1809
378
1944
1638
1743
2274
774
891
1248
336
1704
435
576
288
1452
864
1317
1776
237
2094
1440
351
4059
891
558
1491
366
1305
3396
396
414
441
1029
810
1428
990
2016
1410
507
600
2823
1359
555
930
1137
2091
591
204
366
1581
4116
897
612
603
843
2166
564
1236
2361
582
849
2121
780
1392
1389
1230
1251
1698
2151
816
483
837
405
330
786
1086
1068
2619
708
5562
5622
1713
1221
3180
645
603
1503
1494
2013
1419
1422
3009
2118
3276
2181
2172
720
291
996
963
252
867
606
468
1056
4056
1473
2199
624
1302
3534
2658
2664
606
852
1635
3285
522
477
360
822
396
852
1365
1089
4293
456
1056
2040
813
342
1437
324
876
390
1203
435
1575
369
3546
450
690
882
3309
2013
846
6336
1143
1542
1872
912
333
4449
759
798
753
216
1623
2226
2097
420
1401
1704
1551
1011
858
1425
1215
1368
1053
915
2565
1515
2712
4146
1296
1296
792
357
1899
837
471
408
4101
2592
999
1734
1326
1074
255
3861
3303
663
666
225
1782
1275
1275
1350
2307
1632
1689
1317
615
3006
1554
1146
393
219
1353
1188
1191
966
1479
738
1284
2025
666
1401
735
1182
330
438
339
1512
2253
504
1113
1506
318
357
348
1329
483
4578
858
1482
1494
2499
1407
2325
2493
2616
561
855
855
858
2043
1461
2421
900
285
3087
945
3057
513
1113
1623
528
633
1314
1311
1512
1239
2955
1851
2151
717
1035
993
1965
3444
3429
2625
1050
1998
933
1008
915
912
1191
1128
315
1788
3417
1059
270
1716
594
4245
1674
1605
1602
1083
1347
945
909
3105
1902
1851
528
1023
684
720
1317
1596
312
1749
1260
1713
1494
990
963
612
210
1188
1149
2076
1146
1086
1185
1152
2424
312
1557
1119
765
831
3261
558
1233
996
1443
807
2658
2733
243
300
759
816
2967
4134
1473
1248
1029
717
660
2832
2715
3021
888
1221
1629
1530
237
1344
3462
1065
483
1269
1653
1857
1689
990
1143
336
2205
543
711
1554
453
540
531
2922
1059
1041
1026
963
369
2175
1530
1956
342
3459
552
4764
522
1398
801
3648
1629
249
276
2730
825
834
594
588
1320
852
1086
1095
2142
5676
1233
609
360
1224
1227
1260
1149
1203
843
1170
2295
852
834
420
4290
792
306
1800
1932
390
1794
1683
1509
1218
1233
1077
699
855
1827
372
1866
1761
747
483
402
3027
3069
1575
1440
1371
1731
1785
1344
1017
2859
1980
3117
1122
1509
3423
1608
1623
1035
654
294
4335
2511
2499
1461
1059
1536
771
1416
1500
816
3249
1545
4155
246
1650
2052
246
1623
210
1971
297
1578
1182
783
1593
3633
996
240
1719
969
897
2877
1221
597
2109
5400
594
3114
945
1041
6105
2322
1248
1368
339
606
441
1650
1620
1587
1635
1902
1647
1773
2364
942
267
2553
2559
273
270
588
495
3273
1752
231
405
234
939
981
3273
513
1455
3285
1917
1719
1794
1002
906
1608
549
243
249
3843
3897
1116
618
348
1779
651
1602
591
1551
1854
1506
2382
2385
1062
1548
1560
579
573
1428
2250
579
672
288
216
369
441
390
759
255
348
351
690
264
699
357
3075
252
279
225
261
432
438
606
477
942
336
312
654
315
504
501
303
558
405
354
534
1074
1941
3393
264
378
636
351
2670
411
450
663
2160
609
327
363
210
729
495
441
1236
1434
570
576
720
1071
1653
1512
555
300
972
531
1116
2763
798
1524
228
2406
2466
1230
1143
1545
870
1428
741
1194
312
351
1512
1302
1305
1233
1110
567
312
1056
225
285
1248
1269
240
777
345
447
525
1545
546
309
348
555
1062
618
351
264
447
1506
339
243
255
822
345
1185
2700
624
624
528
243
696
357
3258
1947
330
723
225
1188
2505
432
351
396
378
459
636
354
204
429
468
1596
831
522
372
360
363
321
375
369
330
339
339
213
210
2334
1191
972
2835
417
531
1914
408
1563
4371
4593
255
321
513
789
270
924
624
948
609
228
972
579
3306
432
417
1032
1284
1200
1185
246
702
456
2820
252
2109
2316
369
1938
513
420
1332
432
483
1485
2271
2475
378
336
669
309
1812
291
1161
354
405
1233
1707
954
519
666
798
240
1395
909
1302
1011
768
1002
1101
1377
1479
966
243
2175
2379
795
1206
1311
1683
852
3348
822
4032
1047
1926
1641
1518
456
987
1374
618
3420
1572
288
297
285
2169
261
1494
2046
1491
687
1809
1458
1506
1365
477
318
2610
2094
402
945
3390
1548
3342
3324
3339
1527
1101
2664
1542
2361
729
3009
3186
2871
1224
2508
2109
1107
738
675
1962
1125
528
1323
660
1656
399
219
693
690
1194
324
942
795
396
1761
234
996
984
2430
669
651
1584
1866
348
1197
258
1386
393
201
711
408
1212
1323
1767
333
294
762
876
666
1161
945
960
1110
405
465
1284
1227
276
354
321
3153
1014
696
987
1143
975
4440
351
321
240
570
1413
423
2073
960
222
933
927
1017
1071
1029
459
1080
1596
270
1044
2424
2529
786
669
1326
594
948
381
792
552
4491
915
528
504
498
1110
345
204
1251
867
705
1212
2883
855
1209
1221
933
1266
1503
1368
1764
684
585
987
1980
303
441
222
1125
1200
1359
351
4215
624
396
843
870
891
1410
786
201
1107
441
807
4314
948
1275
1521
861
297
1173
1647
1107
333
2520
1326
1407
723
3852
345
357
1386
942
1119
1383
252
2133
1254
1812
888
330
2340
375
1326
321
393
387
456
2169
1566
735
2730
603
456
561
567
2820
468
477
549
1041
2241
2292
1461
501
798
1938
1644
2328
2130
525
918
282
1380
1077
1590
1470
1692
1473
789
2958
255
1425
348
330
1227
1464
456
1521
3120
879
1398
357
2073
2691
321
1458
1512
996
270
843
348
594
1068
852
318
1158
2307
321
1692
210
687
1239
834
846
2283
864
282
3219
2493
513
1260
2361
1128
1857
378
3315
594
5370
4221
4224
708
297
984
1044
336
999
1113
645
654
534
1464
1407
4650
4692
249
1470
708
501
486
1347
738
729
453
1377
372
1380
1476
1011
885
837
657
927
246
255
441
681
204
2589
1182
1719
1734
2232
630
522
537
708
1743
1521
3363
258
855
942
2946
888
219
1044
1314
1362
2094
2685
444
1935
1542
1422
258
477
1020
822
324
231
246
1134
492
378
1404
1401
330
447
225
1212
1896
2691
2727
3378
417
2832
1638
945
450
438
381
1809
3672
1248
1782
204
474
1830
645
1197
1527
5841
753
1179
1176
477
414
2472
726
567
597
2388
690
684
1200
456
2604
267
207
501
2445
318
1092
1356
957
633
1530
870
1752
933
1746
1947
2274
2265
1317
1608
1227
906
1539
1599
1422
2016
2115
1026
1833
465
891
213
2433
1272
348
3813
819
921
786
1044
3660
804
1044
1698
2928
3081
2583
339
2646
2352
4083
306
1752
2802
2370
2265
537
501
1707
3252
1671
1416
1311
825
828
1464
1578
840
837
1434
1785
1896
621
783
387
1143
1140
1014
1668
1707
2022
1554
939
951
6141
861
1017
1191
315
936
1230
2766
2568
1239
1314
1878
1938
1626
3357
339
4446
1437
3807
1725
939
942
1035
1431
1416
2229
1656
687
753
939
1614
420
345
960
900
960
1176
1347
249
2208
1026
1029
1128
942
891
372
1026
1431
1941
3393
3396
1482
1632
963
1419
1416
1428
855
606
552
993
348
714
768
363
414
852
1668
1671
657
1830
1278
1590
1461
1470
4656
4659
1386
1005
1683
975
975
813
1080
1287
1956
1065
1026
477
987
1593
1596
1389
1620
1008
2664
966
957
990
360
1536
1182
2463
2337
327
4002
2022
969
1383
3198
1449
1035
1014
1470
2628
480
2859
810
1326
855
6099
537
1641
7398
531
4656
1785
1716
600
567
891
2208
789
900
1059
981
849
1305
1701
1476
1386
3621
432
693
1356
1767
945
474
1203
7017
3600
3813
3723
228
225
1734
783
1155
309
978
741
723
1473
1200
4689
267
4071
4083
384
3144
342
2907
306
2496
5043
942
3213
1152
1176
1056
618
1683
1158
984
1335
933
744
2844
1734
2625
1791
1026
1332
1134
2361
402
2379
1593
1572
2085
1053
2586
5247
3936
1047
570
1056
1425
813
3639
1653
1278
726
516
258
1245
1044
204
270
993
792
804
1107
2346
6444
1944
1929
2448
1485
1761
2433
1278
906
1254
636
2172
885
2331
741
1662
957
1173
1155
2295
1926
1836
615
669
1923
1275
2835
237
762
1335
366
234
2994
2232
1836
1959
2313
1161
1389
675
3321
5808
480
1017
3255
669
903
1800
3042
798
573
4488
1347
423
1509
1350
837
2823
648
381
861
672
2061
1791
648
984
549
1140
4668
357
369
1011
1026
1323
1428
582
3708
723
1158
1227
969
309
360
3303
1740
2910
1296
5772
537
915
2208
1065
726
1347
633
756
4143
1506
4050
4047
2625
231
1224
2988
771
2109
2121
1005
2604
972
1113
729
417
981
6444
1563
606
2661
1392
1296
1362
633
1329
2061
684
852
222
669
750
2628
525
288
1188
615
1263
1212
558
549
510
996
285
855
1125
1998
222
837
777
486
2487
4209
1002
2988
690
1302
681
1059
1221
1164
2562
1161
1338
1395
813
4407
765
1257
882
1287
2493
3174
327
1047
3204
1629
2277
2277
2280
501
2037
279
828
939
438
1365
1539
1398
6264
6258
2493
2553
2283
1059
1992
3882
2475
1041
906
1413
1944
357
540
780
3723
1011
2655
822
1023
1362
993
399
492
1152
2514
1167
1233
1539
1773
1467
2595
366
750
735
1785
1779
1473
1929
1854
1437
1314
939
5646
5649
333
2811
2808
204
699
690
393
390
1629
1203
1287
3564
1401
1821
1113
1314
624
2220
1719
804
1251
2526
468
441
549
1980
882
618
663
3348
1836
1905
546
525
2127
1887
399
1272
1347
2433
1107
2415
1137
690
1206
921
1212
495
2559
2265
747
759
4902
2664
2733
378
1257
2442
1230
4911
1044
846
2160
219
600
639
3225
2193
2262
1188
1719
459
378
1242
1734
384
645
1458
2814
729
1617
753
1632
612
564
1368
585
255
1191
651
1251
2430
237
2028
327
456
1401
3561
336
210
264
756
525
1455
1350
996
1665
948
1062
1602
357
699
963
2193
789
1572
1842
1470
357
1728
246
933
2325
318
909
858
1017
1899
882
936
1527
468
837
1905
1923
417
1266
627
2574
1665
3006
3768
462
1029
1305
738
1035
3003
1926
846
1701
780
2979
207
3882
354
588
1824
1068
825
816
792
2991
1569
375
276
315
2010
1398
1389
1524
921
1839
1116
2373
588
813
1542
1065
3219
555
792
744
678
2220
1665
1080
3087
1500
981
1116
801
765
876
1530
2163
1905
447
4563
516
1176
699
867
3267
3612
747
2208
2154
1293
426
1212
909
894
636
402
723
687
678
1239
942
519
840
603
2574
1167
525
579
621
1218
396
1146
1269
1722
378
1356
1344
375
1212
315
2220
2019
891
1878
1263
3552
1362
735
1653
2253
702
597
651
723
387
432
639
633
249
1251
2727
891
561
1161
2436
564
1662
612
1740
816
969
2109
2181
1581
1614
4077
1335
4338
945
261
255
1734
264
1740
2346
1779
1089
324
234
213
270
243
1428
381
1281
1341
1257
552
1812
522
363
1479
1215
828
2415
2376
2412
1095
2058
321
261
3876
459
1878
1893
693
759
807
4287
720
675
3630
705
303
240
906
1563
669
516
927
1698
1683
1362
249
1902
1530
1203
1179
1581
1314
579
792
243
2976
432
2421
2472
387
807
807
369
627
915
639
1635
1650
1134
1461
1722
2499
3228
1572
1557
2229
1611
1671
1263
978
975
2856
1041
1329
2709
2292
1629
1239
1524
1776
2718
447
909
2160
1809
1404
1671
636
363
900
1158
2199
2106
819
3426
3483
246
390
1515
543
828
1671
1047
249
1605
1893
1605
1446
255
735
1437
615
1362
363
2670
735
711
615
546
567
843
786
1059
333
357
1452
1719
1509
1008
1011
372
1122
804
438
1143
444
222
1074
1422
1455
552
1533
996
204
606
2643
2604
1176
462
1416
1251
741
1065
1953
1176
1662
600
3309
882
882
1821
1605
1611
897
1128
2091
900
309
2481
321
816
876
1122
681
354
1110
255
1971
684
4476
756
831
282
279
684
411
639
306
924
564
1680
1461
855
1848
5841
4023
1128
981
1302
972
459
1515
2775
474
654
729
1062
1104
2133
993
360
408
2106
831
1494
3471
1716
549
1365
900
1737
747
735
594
381
399
558
1305
1725
2046
396
1692
3138
1527
642
480
417
3126
567
1104
2265
675
2574
984
273
1731
1506
1998
1167
1746
687
1920
507
285
402
618
279
1824
1878
537
873
687
1986
759
2247
894
1065
777
726
342
1035
2244
444
939
330
2724
783
1872
1404
1971
303
1284
1401
2547
201
1179
612
1608
1542
621
1182
1017
339
333
453
1551
273
1707
2325
1443
2454
2448
708
597
2547
420
483
345
930
2541
459
240
2442
822
414
366
1479
1482
354
1710
1038
273
615
1497
237
285
1437
2007
1995
2034
1050
978
1299
1374
3219
1398
1629
1515
411
615
594
1257
1455
498
327
1263
1359
1698
264
297
408
1443
1947
438
354
609
1551
366
1473
498
213
4380
1356
1410
645
1191
522
861
213
1452
1458
2262
831
507
297
315
2298
594
603
207
2445
711
213
996
354
1320
228
306
369
972
4299
333
1227
951
207
2445
531
204
306
210
2220
579
477
288
252
219
1797
2184
993
564
1497
1551
1560
1557
1854
558
570
357
522
1218
1101
315
420
594
2001
2004
234
3483
3486
555
327
1896
474
3009
771
1443
1467
390
591
1515
393
588
1170
1467
1560
1563
1560
510
273
255
1554
252
1728
252
1566
231
1320
1302
1359
291
627
963
411
882
213
282
1590
720
1791
303
882
1593
1533
1794
1017
1452
2595
1650
1875
1842
1308
2052
288
1131
399
405
225
1494
696
759
2226
318
780
981
381
1425
285
972
486
1554
888
1533
1011
639
1119
1563
927
1077
1221
2898
336
888
903
330
1251
1596
819
5169
309
705
642
2094
1866
2079
2016
1470
930
1176
426
900
1866
1917
423
1575
4374
690
474
396
1449
1263
1044
1053
1155
1164
1221
1017
837
990
333
2319
1650
2304
2301
2568
2508
1803
681
1116
1284
891
513
1323
1320
2028
1503
1446
1980
3840
2121
600
888
1197
921
810
858
579
1068
1275
339
798
705
1515
921
2346
1023
1140
1479
972
1794
2628
600
288
2007
2457
723
1056
468
1758
1386
2697
930
897
1872
804
1449
1047
1869
1872
1047
408
1503
777
2247
1557
1368
1431
1113
1680
1404
1101
978
963
960
2085
2043
438
222
3015
963
1149
1428
1989
219
384
723
786
1716
1488
1728
474
459
642
504
1077
1440
2955
1002
426
507
1512
717
1101
342
1545
867
927
1797
255
321
5382
2367
582
1173
1281
1497
453
318
726
423
2022
2028
384
4848
4902
423
408
1233
921
4968
705
2388
1122
894
459
897
936
1149
2037
2862
804
1224
1527
813
3285
3303
3204
2574
2127
1410
567
513
858
393
2067
597
774
720
1434
2844
2157
456
459
2865
1227
4770
1293
1665
411
2619
1074
1506
1446
525
624
210
1596
5121
1509
468
1050
4956
1026
1458
540
363
2694
630
324
291
1050
438
2199
693
2727
684
1023
2013
699
1152
963
846
1710
3576
2814
2817
3237
2490
1827
2064
657
984
939
927
1446
1428
1059
1758
3102
639
822
1029
291
282
3156
1536
837
5211
2613
1233
1098
1509
528
912
657
765
918
438
933
1773
399
3228
612
978
1908
1911
1854
357
2319
231
1200
927
1416
357
369
894
441
906
1305
1032
687
1740
414
1449
1701
582
1032
309
861
1710
930
1005
339
1074
1077
1503
2340
834
1056
1038
855
1368
204
249
300
6582
261
864
1908
237
1551
480
1059
1101
330
2955
1389
2316
4452
4494
918
906
1272
1161
1980
1200
1332
1002
339
948
1038
657
582
681
1740
1509
1965
768
3249
519
348
1521
2208
333
2496
966
375
1239
216
1539
1674
1575
681
2169
1410
1446
1839
1371
2070
2934
987
984
1605
747
1524
309
1620
207
759
996
870
408
549
600
372
1371
2241
741
648
1110
1515
609
507
2436
1116
1401
528
615
1101
867
4146
1563
1251
897
750
939
900
711
1827
1095
972
954
954
1740
2256
2160
6699
918
1791
240
225
2694
231
606
1746
714
1758
981
1632
819
975
1824
2973
219
1662
1668
1365
1227
1449
249
3192
3201
231
261
378
609
1647
2460
3063
2772
4194
978
1998
3702
465
384
2301
2304
363
306
1779
2040
981
324
243
213
402
1779
1731
2097
408
411
417
1266
1302
2271
684
642
1812
405
1932
1614
1194
1401
2706
2703
408
3624
291
285
720
1635
1509
924
324
660
4257
1290
2253
1200
2892
1890
249
1953
1998
2079
1572
1248
1263
636
1221
1713
789
2352
2400
1377
5823
333
2847
1236
1887
1104
543
612
1611
3072
3117
2505
456
1626
1368
1194
2757
1743
1611
525
1911
267
1263
1038
549
3681
303
1026
2643
5472
1290
1683
1290
1311
1407
306
201
3459
1797
1947
678
2541
3486
501
1371
1359
1719
270
1593
1731
477
741
744
420
3333
558
1041
861
2151
2997
1029
1029
276
1389
1659
1839
2253
3111
495
1131
9135
1932
306
981
381
1038
2205
1011
3213
2481
2418
1530
1470
1164
3192
5568
759
993
984
441
366
1971
1713
1518
1704
375
2103
2565
2529
2541
1407
1590
1377
1428
1344
207
1338
2382
504
507
2730
1122
5589
759
492
645
2058
2733
2715
1182
1170
2391
2781
4779
7776
2976
1065
1125
633
864
228
522
210
2160
4455
621
1275
621
1224
2379
498
1779
1095
1107
576
591
594
1899
1821
339
723
726
630
5049
693
1140
3594
1077
528
372
258
906
240
549
4692
1023
1797
1917
1002
426
573
1824
1017
966
1002
438
507
1683
2199
435
777
3744
2208
876
1653
774
1167
1827
954
1167
453
771
3369
3120
2049
4944
1713
1536
2994
237
1512
270
2715
453
750
1833
1425
2682
996
1371
1368
282
1020
2514
2382
1374
660
657
663
1179
1671
1284
225
1245
1287
1914
897
1377
1308
1275
609
315
1158
1338
1083
2985
1584
216
1791
3825
3828
2328
1887
1242
642
828
1530
327
678
894
1575
807
7089
7083
2301
603
1341
1281
312
1851
1017
1449
483
2646
2643
891
1791
6378
1152
261
819
1086
1299
969
450
1425
414
312
1131
1971
2133
2010
1281
489
1827
795
312
414
4599
1716
2238
576
957
615
492
792
642
648
660
2235
438
717
768
1263
2379
597
1746
372
1443
1437
3249
1500
1572
2001
1950
564
1851
1044
1152
294
1038
1227
1365
1530
1491
525
1536
330
201
1806
1749
753
273
834
648
3393
612
1536
1113
636
2259
540
1047
1224
363
492
1419
801
579
777
804
909
918
1293
2421
1947
483
1260
1608
1545
2286
1317
1353
669
1059
282
1275
1005
861
846
528
795
231
1146
1773
327
1920
1671
609
612
1950
1797
489
951
444
498
309
1104
897
309
897
312
402
522
1596
1959
333
1329
822
792
201
1662
1683
1650
1920
252
471
468
900
426
363
582
636
681
267
300
1089
4011
1185
615
1161
1005
456
915
1047
2199
1074
339
2856
2850
1581
1575
672
678
2295
261
1431
1617
1806
936
957
261
444
828
708
1596
828
3237
1410
459
957
444
1122
978
408
1683
1062
1062
1731
1374
2148
4329
297
330
2097
1821
1878
1755
1749
348
1407
1752
1803
618
1680
2358
1143
636
963
1503
1026
1620
1629
270
1650
1107
1107
1413
336
1185
1836
2895
1026
1422
729
558
6522
828
1101
222
225
771
2493
603
1194
2217
2205
2277
1305
2265
2193
1191
4323
1080
1215
336
255
1095
819
1350
2121
2175
2736
2784
2793
351
2685
627
432
417
2373
2175
630
2001
1395
354
228
3828
1992
390
1689
1188
423
573
636
1515
312
1026
1506
318
357
3081
852
960
855
534
243
972
231
1161
1212
1521
816
1455
960
303
720
693
1461
417
612
708
702
1503
1500
2118
1146
609
432
1257
1098
213
1920
2085
954
1095
993
1401
1104
462
1293
1701
285
1284
1383
273
300
1500
741
765
231
282
426
264
828
1596
972
2646
2136
1482
1257
1809
312
1293
402
231
339
447
441
423
2601
405
2079
984
1077
1110
456
792
462
393
420
309
381
1659
345
1344
1515
324
615
333
276
723
576
273
441
2955
2712
576
402
435
3081
270
303
1851
210
1038
237
312
1434
378
1701
396
468
357
249
417
429
330
2382
3615
240
585
651
1731
2244
1455
1281
1365
213
1899
288
1944
1509
1521
282
1437
972
1581
825
585
783
942
1314
2442
1047
3708
1020
864
2073
1476
1284
234
792
450
333
1299
333
216
273
1113
606
297
303
207
504
468
255
624
2151
1461
1107
351
1317
573
342
600
438
663
708
807
219
501
210
447
3282
2466
1740
1758
2424
795
1857
1002
678
1755
318
507
339
2214
480
495
987
990
342
1704
957
1524
750
450
375
1269
2919
708
1236
1725
459
369
396
507
1806
585
786
627
1878
1470
282
2043
930
1044
2043
732
708
1422
6045
1065
603
1152
1446
4689
1455
1158
1230
1410
492
441
1338
1143
1044
1338
1614
534
429
411
3009
876
927
1860
264
3453
3195
3201
1872
1716
1800
1812
1284
1158
1263
1398
1269
555
672
438
360
1782
1785
363
1380
816
1551
1356
750
1095
2871
1464
1455
1431
315
1695
1464
432
1527
300
534
687
2400
201
1236
261
294
999
807
849
714
2121
471
1059
1926
870
1749
1812
1725
2307
1683
2568
1299
4266
285
2040
402
228
456
4134
4137
1617
585
1167
1353
1152
2427
1701
1890
927
576
342
2601
2535
1008
348
1926
381
438
810
393
468
2004
4755
621
432
441
1149
5853
1116
294
285
549
885
855
300
936
822
843
810
204
699
1998
1566
2598
1161
1047
414
1062
921
930
927
1203
969
3615
750
843
294
222
867
1215
1212
1020
867
468
348
1416
1383
1374
822
762
1200
804
387
3417
1434
4707
2160
3369
5472
5145
1641
1215
2085
1464
435
309
228
1176
504
393
1179
2577
801
1368
1446
630
1122
2304
2598
654
495
1389
504
1944
1584
1677
960
366
1023
612
663
951
390
282
546
576
339
1209
1671
1983
561
561
4029
480
537
384
1872
927
360
1128
1485
525
1059
429
1056
1092
429
486
1359
261
210
2721
216
3138
612
2130
1662
1185
1437
1146
297
321
306
1206
387
873
1578
1227
2631
1941
981
885
3906
4710
885
942
1341
2331
1155
1326
507
1548
1221
1419
1428
558
822
612
603
735
753
2175
2226
279
1038
903
870
534
417
612
1209
1998
3669
1491
912
408
372
5649
393
849
846
288
966
1329
1659
3465
1899
1116
1305
3084
1695
1563
1392
2361
2040
1272
216
1488
4680
4686
2112
645
798
3351
7029
564
1344
477
720
2085
327
1110
408
3198
1179
1053
279
552
1164
3039
939
2832
510
5394
984
1257
1002
537
381
432
324
1878
1416
501
2607
1374
1374
1074
1317
1698
1752
1803
1581
906
1068
2037
2037
1710
2376
549
255
861
618
1161
1044
501
3021
1146
525
1839
2097
459
1104
270
1926
1221
909
909
2295
972
1467
1563
231
2178
384
735
666
1653
1497
1437
1617
882
1644
1788
1452
258
2367
1548
312
3471
1575
639
225
1620
1569
1890
2922
390
363
1485
330
345
330
723
336
1941
1272
1206
3720
1491
3285
1104
981
990
741
1938
393
2190
939
3258
750
357
1332
2571
2634
2694
3414
1440
1332
4599
1209
1758
1833
1356
894
600
765
822
906
1821
1884
4260
561
693
765
2040
1551
753
768
3384
1155
690
480
627
3774
3378
1833
300
1284
930
996
1803
759
405
1110
1119
1260
1587
1074
1473
2439
999
882
864
681
324
1113
3711
4587
4584
1485
1497
651
1551
1278
1275
2205
498
1785
627
933
891
1755
2502
1506
1791
1821
639
834
696
660
660
783
1977
813
687
801
306
3285
678
720
2391
2514
576
3858
1563
3228
918
4134
4410
918
1257
1344
909
501
1380
561
699
558
972
729
2013
900
945
708
540
2094
1488
1698
540
963
3753
2580
2592
1158
753
1650
3936
1059
861
627
960
426
4071
1485
1977
2454
3210
3960
1344
291
3315
1998
456
1725
1776
747
891
2415
2859
597
1440
3003
705
1167
342
504
771
1068
3096
3600
5760
675
675
1020
507
345
1101
1047
1176
345
636
642
1113
1749
1728
486
546
276
1278
1002
1290
1290
1170
702
1206
747
927
1029
378
219
1116
1320
1905
1014
222
1287
294
219
723
765
267
2463
1311
720
1545
1641
3780
1548
465
1035
1725
339
633
234
4299
210
1641
1656
1065
606
984
4938
837
795
1386
1527
1515
312
1560
1524
1080
660
924
1638
2784
2835
2583
4356
4428
4335
1977
1599
213
1659
6660
8217
2190
2178
1317
1587
846
1932
1326
684
1326
1164
1230
966
1803
1689
210
1641
1326
984
1425
1056
1821
2508
327
1095
999
1662
837
1104
1149
1641
207
603
405
345
3165
441
1224
603
1176
2685
318
1347
1680
1581
837
1326
2358
2103
1860
225
618
792
1254
2427
417
3204
1176
1092
1518
1593
444
1131
708
1389
882
699
2745
2736
2736
1494
273
1392
1737
1803
780
570
552
822
549
1284
1671
1062
2034
1413
1434
2490
243
606
774
2283
741
468
246
231
309
468
327
309
525
222
927
300
432
2100
1419
615
2244
1368
3354
3363
1257
285
1839
2019
1518
1335
2724
1335
2724
801
861
825
480
747
1224
930
1005
1098
1629
1938
357
1632
1581
372
606
459
4707
1275
753
369
1287
2874
2871
315
513
933
1380
366
1425
1641
1578
1395
231
708
1536
999
1017
1413
738
1350
2076
435
840
903
1506
1512
444
462
1143
1137
927
1296
1368
3114
408
408
519
1926
2010
1593
213
1863
1866
357
3090
243
957
2619
3990
1122
1806
492
3093
3375
420
531
309
1116
372
951
948
1641
3747
3741
375
744
372
393
372
339
4341
1167
1293
930
1749
960
576
1503
882
678
1545
1650
378
417
1527
1560
528
1779
843
558
1227
1590
1587
417
1665
1731
1929
1926
1842
3894
1005
516
339
1263
810
414
1152
327
696
2787
900
516
2196
2319
936
1470
1035
1545
369
1599
369
960
1545
1824
915
321
1812
345
453
1896
2322
462
2370
2418
591
651
1155
480
1641
3297
432
987
3510
318
468
2733
1722
1725
1737
1047
372
1149
1890
2499
1740
2520
2484
3099
5298
2019
1725
6441
273
252
2448
492
2907
2562
2616
255
648
429
2241
1080
1005
1074
246
1242
306
1284
1002
333
711
246
2829
243
336
753
750
753
222
231
939
930
405
312
1230
726
3480
2121
399
1188
924
315
537
1014
240
1149
1305
288
1644
1257
1959
1989
465
1557
1089
726
579
1179
300
795
999
723
1149
219
249
540
759
855
741
1692
1803
228
297
240
441
273
1785
309
729
1446
306
483
480
231
315
267
1836
1893
1887
1887
4845
819
951
255
771
342
1281
291
1389
2871
4374
1221
639
636
300
3939
3936
1101
1020
621
264
1428
231
822
270
948
954
726
1830
474
336
1344
708
615
1422
426
690
2283
381
471
984
1899
1113
645
1791
1503
1422
1344
1263
384
342
363
885
888
819
462
1530
1161
999
645
1041
351
324
840
1296
630
2271
2514
1032
1140
1611
801
1101
1002
1263
279
483
1164
1293
1296
1569
1284
636
1758
1356
1578
978
399
4092
876
1956
1215
1272
996
1227
936
1812
900
783
936
870
1017
1020
438
2004
567
4488
3189
273
963
294
1701
672
3405
1275
5082
1869
1071
1398
915
3066
3051
1800
951
537
1503
936
393
1068
654
654
654
1629
585
1008
759
3735
1356
1437
627
693
1767
1404
1713
1737
1479
1149
1326
1323
1335
5049
648
2343
1374
747
1164
519
2805
453
357
354
1506
666
1341
1686
1761
303
387
1467
1542
1206
1278
1173
210
150
1236
1227
627
159
1185
162
384
765
525
528
1512
708
516
2685
1002
1593
411
354
315
408
999
1095
1566
681
285
2460
1038
300
240
960
1077
522
237
1572
1572
2262
2256
1269
1746
1572
1407
798
1320
837
1290
1401
477
2034
1323
1377
366
828
894
399
282
1320
477
354
444
363
3801
4188
2586
1089
879
2292
1860
2109
2580
3255
2115
882
948
1458
2958
246
1800
399
2997
1413
2103
282
279
312
1143
3378
603
468
786
1728
366
2688
375
2070
4008
864
552
870
804
426
327
1017
3819
3318
1536
375
1026
1083
876
1113
1158
1443
1419
1422
894
468
639
1551
573
570
1800
1845
1848
1095
1749
849
387
4881
591
1647
2172
819
555
1866
3033
1641
1434
1146
648
567
3903
1752
1578
1104
264
2544
630
399
1398
261
984
1707
1677
1749
2718
1341
210
342
315
486
234
207
3591
6024
6075
987
528
345
969
1137
4254
1275
1359
450
1149
1818
225
2940
606
228
2895
1380
333
654
591
2064
546
2664
762
816
873
630
1824
951
9267
9216
1725
9330
10215
10224
801
2682
696
1977
3183
873
1938
1029
219
345
279
294
1002
1173
1275
1056
1569
2598
663
774
2589
516
2058
2454
354
597
876
1380
459
363
228
1845
270
1125
1122
2898
2106
2109
5805
1125
1077
1116
480
1866
3390
3003
663
813
1635
1239
1185
1836
1704
1509
321
3000
3012
1053
1044
2058
2073
2577
1164
1164
930
1677
984
1572
2601
1224
504
606
594
231
717
2553
2112
2661
984
213
429
1479
2682
984
2112
1335
480
1452
1404
1290
2418
2304
1842
1599
597
5883
2973
570
324
321
2478
1644
1557
2235
1341
1335
1386
1461
2406
264
261
1107
1716
477
1734
2022
612
306
279
537
1599
1791
1857
1449
279
3924
318
666
348
210
420
2952
3549
333
336
333
633
6363
1506
1803
2331
285
405
2151
1608
477
3420
531
3207
3204
867
1491
1170
1101
1575
1836
243
828
1437
1479
279
3282
1077
1134
1350
1152
2118
630
1425
651
2544
1398
600
924
1977
1362
1413
912
2970
1851
1089
564
231
549
1272
1581
2226
453
816
660
270
678
516
1551
447
324
1398
276
372
3999
1407
1401
756
1116
237
228
693
429
1638
1887
435
534
3723
486
840
753
999
960
645
1647
1716
1806
414
2616
471
567
2124
1233
711
1995
843
966
1083
1611
2061
1620
3978
1239
390
2088
438
1734
969
3318
1857
3516
318
3747
3453
336
1866
318
327
801
735
408
1092
951
396
537
459
792
1008
513
444
264
255
303
231
312
1425
1428
3105
354
351
459
516
231
789
531
2157
492
1128
1395
3999
4779
1242
210
1791
1080
1017
1167
1176
1203
1407
3000
378
936
873
942
1254
1917
1446
1947
1950
588
330
1275
219
885
741
1503
1500
642
1647
267
216
1530
1623
1317
429
1245
2046
1470
312
885
2865
2868
1746
1455
690
957
1236
693
849
867
2250
2298
3819
216
771
1134
1170
1071
309
1533
933
225
609
603
462
3933
867
264
285
1086
348
528
936
714
1056
1578
960
684
315
1740
276
1551
1863
1782
1554
933
1038
438
1053
276
438
423
1569
984
585
1986
2058
2229
1548
678
1212
384
471
1407
1560
1254
210
834
918
1143
423
339
582
1833
1209
228
963
2097
1590
555
2259
3375
3363
726
1098
831
855
252
696
1689
534
1803
2325
306
1275
1014
3162
1674
1764
2406
1602
2169
342
627
462
3141
1602
1986
1521
2058
2091
633
282
924
249
1008
249
1194
558
1110
1116
684
384
801
1536
1536
1101
2568
2220
2004
2088
375
2535
1005
330
630
1545
249
294
489
1356
3348
3123
1530
1422
336
270
1305
1248
1023
2994
1527
612
1875
1878
1755
315
1422
486
516
1329
1149
540
1542
1572
2781
768
2331
3366
303
465
243
234
270
387
1821
483
225
2259
1452
798
639
636
624
477
2466
2907
1371
255
528
1671
486
483
861
1659
5133
1200
2277
1752
339
3753
459
567
213
1746
987
411
471
270
558
1389
606
1107
300
1686
2859
342
549
372
315
375
807
798
1722
444
756
291
375
411
414
1116
1101
714
339
288
264
4680
4650
1137
519
606
738
312
321
234
228
219
246
345
1680
432
765
306
861
993
288
1341
876
333
498
489
471
468
264
1647
528
306
261
1149
2256
1989
1818
363
333
225
981
2103
810
459
213
216
456
450
342
477
390
1656
1884
261
336
522
684
477
282
1782
474
426
384
570
1620
285
315
1647
1932
498
387
225
768
1704
1485
1368
1599
993
1464
345
1731
1080
489
309
624
1374
603
576
246
336
621
486
1542
327
486
1374
951
1668
714
210
1095
1644
1086
621
486
555
936
753
330
1599
285
2325
2322
1050
348
981
969
1533
324
1899
1911
1785
249
330
252
1773
336
333
330
663
645
435
1596
1836
276
336
324
273
1167
438
378
1656
1773
228
381
1386
1455
1437
1173
3063
1407
1158
591
333
3816
315
456
759
1167
1176
405
1506
1470
765
579
993
1410
798
1494
1434
795
807
2358
1755
234
489
738
882
690
612
306
732
729
1983
1029
378
1590
1578
2544
630
993
1209
1194
357
663
978
1623
933
621
378
276
1809
1806
492
309
1887
1068
2337
2403
2997
1125
1344
813
255
363
1269
1293
270
441
1629
1317
1545
1389
1701
276
1845
1266
1992
462
1335
1824
1404
1449
1722
267
255
426
1617
1335
234
411
1023
819
816
1560
1554
1545
603
1143
1317
3909
948
1005
294
1611
1809
999
3717
1635
957
363
1533
225
2880
438
357
840
1476
1428
1497
3135
1461
1356
1128
222
2604
2664
1413
456
405
447
489
408
1623
837
633
345
1692
1530
306
2547
228
2136
1893
1566
1068
2814
603
1950
702
243
1698
810
2310
1605
1821
1506
708
258
1419
1182
2484
2403
2493
444
579
390
1194
234
306
1074
1002
1704
300
3750
2184
939
588
927
933
948
3966
942
1014
834
654
3546
861
1563
3705
480
1095
294
1434
1116
1092
411
2088
543
771
966
1023
309
807
891
1494
1491
1161
720
738
1887
1353
1449
552
498
324
2262
2250
1044
861
1446
888
1788
2445
1107
1944
3024
3027
1074
918
738
1101
1644
1182
822
606
606
1005
939
930
921
1089
1584
807
1317
771
495
489
750
2064
1866
2715
1377
2979
657
3234
1554
2412
1068
1095
489
303
618
837
2298
1035
756
1068
1017
618
2883
1815
1614
1617
1191
3021
3024
1419
1452
591
942
1113
1776
801
879
2616
1137
1158
552
1242
864
873
513
1200
1293
1557
1554
453
255
306
1788
882
1566
216
552
1800
1026
525
246
609
795
1191
1068
249
1533
792
1608
1554
978
993
1479
1272
2790
2142
951
705
690
3183
2181
933
1707
1017
636
348
4329
447
1434
2007
1677
357
1797
1989
1563
309
4269
1893
1971
1476
759
360
1080
303
735
321
1443
897
1011
1368
261
300
450
3261
915
927
435
240
3180
1629
1149
1203
1596
1662
1548
3186
1560
975
309
300
321
1200
1245
1554
1803
321
231
915
1632
2121
2193
330
417
3156
1476
1092
1176
666
2064
768
2343
591
7098
7089
2409
996
297
1320
1038
1290
2508
5655
1701
2313
570
495
2427
936
381
972
1464
1044
1239
1098
1014
1041
2235
3204
1413
2229
1449
426
1038
447
966
522
1974
6288
1818
1815
636
1242
2505
636
1392
936
1122
1068
993
1056
528
237
2325
903
2397
2382
2400
3582
2685
741
837
1515
1605
1638
258
711
336
2169
1263
1314
2793
1578
705
606
1185
1689
1143
1014
1005
1275
1194
1641
393
663
1950
1035
354
480
585
1746
759
1572
1566
555
1284
1479
1698
2934
462
1827
2076
2688
1173
4677
1659
684
2763
801
1674
930
930
315
804
213
2010
2889
945
1044
2220
1629
915
1830
1269
768
1890
1872
1053
486
3159
882
624
285
1863
675
567
4620
4461
4563
342
1146
414
249
1089
315
759
1953
1344
837
885
585
2256
366
813
915
789
849
1638
732
1242
828
885
2877
1665
1668
1710
2373
810
1416
11790
1191
2451
2133
675
1902
1488
315
369
3114
471
1239
1824
1920
2094
1314
1350
2433
702
321
2265
2433
2004
1716
696
888
3528
4902
4899
477
1626
1197
273
651
279
1212
1278
222
1317
1314
1158
1218
2826
1962
2556
609
642
789
4182
1224
699
519
522
225
483
216
1767
585
711
1482
1050
2061
1572
2730
600
1263
1050
1779
2088
654
705
1545
462
735
207
309
498
219
1995
1926
1998
1200
2751
753
1587
225
1761
1185
762
1230
1569
1392
1407
1404
1221
273
1617
597
333
942
1827
1071
696
1914
1308
888
423
1065
1491
1554
507
870
1242
4992
1722
1509
1569
2307
1317
549
2193
1038
498
669
255
2385
774
1428
738
846
2427
372
4011
4212
447
927
561
1221
336
396
3894
2415
1530
345
2361
1842
1275
930
597
1137
660
1596
264
1470
324
963
1764
267
471
360
1623
1626
1650
1845
1014
1089
1035
1233
1230
2166
1293
1476
312
1605
309
240
1659
393
1659
408
711
3471
1401
4320
4272
4320
240
2388
1056
1503
492
1593
1731
1869
1788
1848
2049
651
771
1593
1299
1293
765
1140
630
309
312
1032
2772
528
1362
4539
2859
1143
1032
2586
1503
1443
1395
933
237
819
1461
951
924
906
819
1176
732
2253
3609
1281
261
384
1743
1731
300
1461
222
1464
2286
2295
273
249
2439
819
516
1698
579
543
2043
357
1419
1383
795
2127
2853
1056
327
630
399
321
279
378
345
324
627
1974
762
684
1089
273
336
840
1128
1122
1056
1440
894
1998
1341
1047
1047
1065
210
915
4590
1995
834
339
1374
864
1644
513
1491
288
1767
438
1674
1287
957
3849
1653
1656
780
1398
1263
1443
888
447
453
837
1734
1470
1305
783
3666
2445
408
360
873
3507
300
1056
2184
1044
1344
1047
2244
885
585
390
1533
963
444
852
282
1041
1083
309
1491
1188
249
1899
408
546
399
1092
1077
1611
312
450
1164
633
1362
2475
456
321
1704
330
249
897
471
1701
582
975
360
411
4662
417
339
702
540
393
498
600
4005
858
864
912
273
1161
291
990
987
2361
1344
273
519
237
645
384
1575
264
1599
459
726
522
531
351
348
624
984
2469
312
369
354
231
300
210
738
2301
2301
210
1581
1176
348
915
564
282
2904
2967
339
207
357
1206
684
723
1695
741
315
2121
2967
282
462
816
3699
1554
414
423
1203
2544
426
426
1143
1461
615
273
204
306
246
2406
303
4365
1083
1098
465
1833
756
288
249
600
1011
1317
1224
402
741
459
336
411
300
216
1401
2361
4656
3132
2328
1200
1251
1224
441
597
1623
1461
1488
945
3126
609
855
447
1818
819
1458
1041
447
936
336
825
2469
438
1371
2070
768
771
2211
669
1548
5217
318
1089
435
396
312
1407
303
516
2007
4983
1524
348
1566
1953
1953
525
585
3114
468
858
222
1545
1551
1557
2433
450
243
996
888
903
429
642
954
1161
330
345
744
1203
2064
741
846
2283
390
387
5412
411
1125
375
240
2142
1263
681
1392
378
552
540
342
1167
306
1629
1005
1596
1536
237
2673
732
3225
999
1368
2829
2883
852
603
840
1473
300
2430
303
759
990
870
2130
444
294
516
2697
372
1530
1524
3651
1011
390
1788
654
633
1677
1728
1038
1332
1104
489
1203
1524
3858
411
1014
312
339
651
999
1704
513
402
441
2922
777
1119
1356
504
804
768
582
1089
1086
870
6720
402
1338
381
1155
282
210
2034
1545
810
1314
1896
1932
1218
819
1410
258
1398
1401
285
1416
1518
2901
885
936
813
1011
1278
1077
594
336
381
1200
510
1818
234
2883
309
390
570
1401
510
201
2169
1752
936
909
624
1212
1206
849
921
768
1389
1365
393
1695
1017
1416
1548
1998
294
4062
1593
1641
1485
2169
702
2271
2874
4287
825
918
4431
603
3516
612
576
321
2769
5949
315
828
711
1068
1068
2034
804
2085
1341
1062
603
1605
1578
1317
828
1341
888
1311
798
222
1170
2391
2586
2637
675
765
966
2337
1224
1350
813
3159
3162
297
405
912
3072
2001
654
2340
816
1725
900
957
264
249
864
960
276
246
237
234
1425
402
3057
204
324
255
1899
2670
225
2532
2313
1593
1632
2316
348
1299
3999
4077
1014
1179
966
3117
1446
1002
951
819
225
228
1314
444
2064
675
1068
2937
1032
954
2142
921
903
1257
918
1776
2160
267
975
1176
849
372
1974
2637
2634
1833
2994
3618
576
216
2298
279
939
1074
1170
657
3651
678
1248
1446
597
273
207
3015
687
885
261
1110
567
1377
1548
504
561
534
1836
468
948
6339
2262
651
549
921
345
399
2832
936
1008
1017
486
1122
1281
255
813
1629
1011
1437
1293
615
1737
3330
3240
237
678
2592
939
1263
1782
1455
3177
474
1059
3267
2787
1845
204
300
780
1461
339
279
840
1422
1443
1164
627
1149
6411
960
927
660
642
663
2970
948
486
1812
369
963
1881
483
1083
402
1779
1815
2067
339
450
882
372
426
1143
2205
309
1734
363
894
477
984
369
336
1935
3153
963
1452
711
831
1101
564
1500
1950
1356
1257
1461
900
5241
3948
2151
996
3954
2565
1221
1641
2430
1041
1404
960
2721
750
996
498
501
483
732
291
1041
2346
1413
969
519
1047
1398
246
1557
1356
720
726
1875
450
318
294
462
2349
510
507
228
330
939
2466
1734
1737
636
2538
975
1155
2031
2034
312
7779
405
1329
1056
324
894
1392
1335
1140
1353
1179
4326
990
1503
1428
1299
468
1152
1314
2472
2817
1734
1320
1047
1185
1194
2736
2739
2589
1701
1191
1395
3681
666
318
303
618
711
780
4119
1560
2748
249
249
996
999
1713
1767
2097
768
255
315
858
540
2001
1998
3087
3150
819
669
372
1137
957
228
903
1368
912
1797
1866
501
522
1473
495
366
237
855
978
1470
4086
1107
447
420
252
537
207
1227
939
597
366
636
675
2052
3297
756
2769
216
660
780
954
495
1053
1137
372
387
420
1275
1326
348
342
444
402
1209
594
588
603
450
249
399
669
684
696
945
441
345
444
492
528
375
303
807
435
1389
1128
210
465
249
273
1254
1470
318
339
393
1161
318
801
1962
804
1179
540
957
540
1527
687
1587
2328
2319
321
1161
1554
342
966
348
384
861
390
459
381
447
1737
360
204
405
333
495
288
303
426
330
732
588
1068
1044
735
630
261
1542
1431
231
264
303
1317
684
417
567
1092
1125
627
630
2958
408
2952
330
3834
696
447
252
498
276
771
2448
1500
1008
1956
858
438
606
597
255
336
330
246
201
534
2463
1605
1788
948
2106
1503
528
399
1299
882
210
1077
1761
576
492
219
537
675
1080
897
258
228
2268
792
6273
822
558
1125
438
384
651
1104
1092
1059
405
1041
1140
351
570
339
447
564
372
1119
3366
1443
1716
648
1518
1044
1509
1995
1773
1722
747
2700
2079
1038
1752
882
1032
3489
1020
1263
318
240
324
1155
1164
792
849
1248
996
597
1245
363
324
678
1527
999
732
1695
1791
252
570
1764
321
270
789
1407
1395
501
519
1773
1089
2322
1515
1050
1272
2742
249
1389
276
357
996
762
705
750
288
555
351
648
2778
963
408
756
2322
2346
3639
843
1041
330
1731
1713
1806
957
3588
5268
2736
1803
570
1080
2301
3282
2019
1416
1428
1974
1581
402
399
1107
1563
1938
216
246
795
2415
1881
1824
1872
285
1131
267
693
282
1596
1965
3045
240
204
294
330
1947
1947
1893
1917
1017
999
948
900
219
1611
1542
1098
957
1170
348
1137
606
1092
1146
432
2214
417
714
543
381
1575
1221
948
996
216
354
402
345
1749
2646
633
1746
321
1137
666
447
1602
1560
4944
1437
507
438
2334
819
2205
2151
2964
336
1803
1623
1053
2631
1599
1851
1896
2070
1446
2214
2061
405
597
1578
546
810
588
579
1023
855
324
552
273
999
426
4188
855
999
354
357
354
672
834
1659
270
354
735
3771
1917
639
465
360
1446
972
516
390
288
1803
1749
282
1764
504
2313
2310
1017
3132
804
1584
1095
1413
2643
2592
1983
1695
2040
915
1377
1485
3159
528
831
3042
2373
1605
7044
3270
771
216
702
1668
201
1635
966
309
705
1455
3522
3981
291
309
3702
3762
2307
240
1311
1272
2679
1632
579
2481
597
321
1578
3231
1584
309
828
423
2625
2418
1119
930
363
435
1209
528
1242
4269
2682
1701
2628
561
774
972
1509
1908
243
1059
2334
3198
810
1884
2631
312
1269
2610
774
798
2574
744
237
723
960
1188
1209
1599
1272
570
1788
1782
549
2439
441
324
1206
201
1860
1815
408
1206
1710
468
354
816
864
1446
2373
1410
1248
1179
3453
2373
1128
1452
720
663
735
315
843
2037
816
411
1359
819
3270
324
6714
2373
1659
1470
2058
1230
1287
1731
1788
1086
1488
2262
219
2244
2325
1197
1335
789
786
1665
5607
5610
504
2562
450
456
321
369
1218
624
591
282
1275
1017
717
351
735
3651
2118
1398
2310
3804
438
450
1836
369
942
1239
990
1086
975
798
1827
1839
1791
309
2892
1437
1224
1050
888
5463
375
1911
1140
408
1089
1047
972
1674
1419
1158
387
1086
1809
756
1149
297
750
822
1638
1593
765
828
819
1221
2022
867
774
765
327
2607
1638
456
369
303
1779
219
1113
249
912
393
369
1353
1662
324
4125
4233
2790
861
930
2097
849
519
3999
5709
1008
2280
852
1818
711
6087
2817
615
1650
1839
3126
327
1857
267
909
1530
432
1515
1056
309
4932
2682
1863
735
3201
3144
1611
2037
660
204
2304
1302
381
306
930
2316
1431
912
480
3138
1536
297
1710
4068
1932
267
1701
1194
1569
288
255
603
1932
606
1773
351
348
2823
825
873
1089
1740
2241
1149
3099
618
3675
777
348
672
705
378
1731
2262
516
912
783
519
1152
2385
303
1311
2196
939
4368
2019
1476
1131
2022
1563
1812
1335
1362
1209
2481
1395
1395
2061
2190
1083
1806
1419
2700
498
555
495
1503
732
1005
1056
2004
642
408
1032
822
1608
1449
1545
1323
1326
975
1182
3609
696
396
1920
309
2754
285
225
201
2619
2823
2640
2649
2523
447
1911
243
240
861
1557
5769
1527
1377
738
1098
861
390
1677
1674
627
339
609
3213
3216
3261
1713
1335
303
1029
237
2415
2280
636
324
3318
723
324
633
2871
3159
279
300
1626
831
825
1152
456
1761
1764
1755
1788
1638
594
669
486
318
312
477
696
1062
1014
216
489
207
288
420
210
444
558
210
342
447
576
1686
624
315
1167
1551
732
582
1566
2250
1068
594
591
1065
1032
1170
1242
627
351
1146
993
378
819
498
531
1620
516
510
687
1683
537
432
2214
1569
978
327
288
1323
357
618
993
951
267
291
1443
306
222
318
1011
672
429
426
576
816
1251
846
1569
1545
1548
1059
399
576
1050
1164
594
1533
852
300
309
204
279
738
741
972
255
570
477
909
1179
1863
354
324
321
204
1788
372
645
819
1248
729
420
606
1521
1884
297
573
1215
1371
612
1140
534
2310
210
4485
2025
1146
906
876
648
1194
363
1677
816
2814
3171
1572
792
1338
354
1047
882
411
408
672
1674
408
531
684
1068
1398
1452
2763
855
3564
2781
651
930
1257
2217
339
1683
1125
1038
402
1386
777
813
330
456
711
534
1062
2211
1125
1386
1374
3840
1638
1056
684
531
723
672
1737
825
1392
741
1578
393
1092
1461
1143
2010
3096
1236
435
606
1446
2322
1221
2310
1743
1569
1209
1677
207
324
4464
996
687
2520
1074
300
3513
1512
1545
675
765
2652
990
993
4014
2634
1461
1791
387
2046
1422
1290
408
1263
744
1338
4287
4371
756
2799
3585
447
534
1242
687
1284
1701
3606
1548
3837
3264
1437
735
507
261
876
483
315
1938
1296
861
336
1620
4281
783
225
663
3171
1395
789
882
252
1047
774
684
1185
735
1590
3174
1008
351
714
4281
4368
870
351
804
945
942
1359
612
4164
759
1278
885
771
933
1635
684
687
783
687
315
558
495
777
1251
420
864
1038
1329
759
1665
876
237
1008
1902
1038
276
2808
4257
1461
360
2934
1104
573
1401
381
2208
1002
1116
651
234
669
732
423
339
534
495
498
594
1788
1233
1443
684
1248
663
900
849
2250
2298
756
831
834
1017
768
924
1518
2421
597
558
669
438
576
456
849
918
1011
1017
1299
1098
588
927
1218
627
1065
1176
690
1413
450
660
645
303
276
309
669
1149
1167
2166
780
1146
1263
3312
231
951
1110
1050
897
1599
828
996
276
612
639
1452
1458
996
567
1539
897
951
3312
987
966
747
555
867
669
426
237
300
660
864
1413
690
1122
1065
447
1968
597
960
213
1062
1017
891
888
312
1074
1011
462
438
645
738
612
744
357
2544
924
897
978
549
246
231
693
2445
2505
852
885
2199
1392
1443
1233
2634
1176
498
495
639
429
732
510
651
1116
924
2517
1401
573
4254
2670
4350
276
591
1194
1008
1260
1788
1794
951
393
1092
1038
1041
804
2196
1542
363
336
618
687
780
783
795
1647
771
885
1278
804
4314
531
1359
942
1221
351
474
2325
1863
4347
258
1215
555
684
531
1674
459
567
654
1134
3999
1080
1341
1089
1188
798
744
1338
1311
1107
495
582
987
453
534
429
456
903
1428
1329
615
1182
888
2850
4905
1728
1047
3921
957
927
258
303
1581
1926
1383
1323
2001
300
1272
1053
267
1086
234
1728
1779
960
912
3069
1548
672
1509
1689
435
717
513
1203
1173
441
1221
948
261
318
720
393
1020
408
1017
1557
1506
1773
1989
327
837
243
1017
1005
933
2790
393
1161
762
1014
1464
1974
525
432
357
297
1710
1641
918
393
414
465
1368
2520
2094
330
327
1923
2058
1437
1185
348
426
774
1836
309
495
483
729
369
789
1218
1416
1467
771
777
288
246
738
2553
2163
579
1227
729
726
207
1302
915
1557
378
1077
2346
2673
342
756
4548
486
543
687
1413
1278
1188
1791
345
585
315
1461
1824
1896
1887
414
777
894
1011
729
1077
3567
840
576
1740
3192
846
1599
2760
1443
606
288
1140
1113
783
1236
3114
285
300
741
1446
1365
1464
3792
1992
2007
954
1476
2343
1158
