785
411
654
576
1393
1455
3399
873
1092
594
504
762
360
204
728
423
924
456
1239
423
885
1170
1956
1296
963
609
435
609
879
2130
936
1575
1557
1317
1011
1494
390
1239
1062
1164
609
3984
1203
651
3360
1368
3165
5466
1668
681
1332
2553
2118
1029
2145
1578
801
894
1713
2211
4779
1260
1398
1290
333
1011
1908
1437
1590
750
1476
1500
534
2022
333
900
708
3699
1503
510
1752
3921
1629
2799
330
1536
1200
801
1473
858
1329
828
744
2217
456
1158
882
999
1308
1518
888
1587
3966
6006
1032
597
1059
183
552
3924
3339
1374
1455
1293
4014
1215
1677
633
828
243
2673
513
1509
918
3936
6426
426
561
3828
1239
417
2280
1038
4116
246
1080
1224
600
3336
2352
459
510
684
1263
756
1710
891
606
369
711
1653
1647
549
1383
495
1572
453
474
783
1818
450
1263
573
480
1206
279
474
462
969
1443
339
1590
672
2364
984
1188
588
444
1059
1191
1536
405
594
858
1065
1689
1050
573
1068
1749
804
846
1482
450
540
684
1614
525
462
408
348
723
1704
1980
771
4488
3324
1305
294
1587
1071
594
2832
2946
1716
855
1359
780
756
2406
2331
753
2037
921
372
828
1722
1650
2367
720
279
3525
807
681
1569
1506
537
1506
1113
426
546
2097
1272
1539
618
642
987
537
1215
3129
483
1038
513
846
600
672
675
1866
669
1695
963
243
2895
639
171
1455
249
1269
825
6273
1491
516
1689
747
741
11481
642
2238
375
2583
1068
1011
771
2316
1173
2526
303
1014
228
1665
1860
879
795
1278
2001
1254
2589
1281
1194
1389
1998
2160
1761
3078
387
429
3204
579
2847
3249
2058
3201
1347
4041
765
1674
2556
2091
3843
1677
1953
822
375
2076
3393
1278
735
858
2241
1128
795
1047
999
1779
1827
2406
723
837
1023
1389
1032
717
1038
3423
603
2199
1083
2238
888
1011
546
2196
876
894
1623
675
4611
1344
1164
2781
1107
1518
1116
1020
1317
2499
258
2688
2400
1944
1059
4305
858
1794
1575
1572
1611
1386
327
933
531
1821
891
699
717
669
459
1257
888
2127
243
2229
1098
930
885
4209
1593
780
4863
735
357
4128
1335
1056
1158
180
2892
1833
2250
375
2472
243
2598
507
1149
2232
654
534
2193
3303
2475
420
1635
1737
1077
519
1122
513
495
2256
924
1740
2520
1182
1707
2580
3072
870
4506
1455
1773
1332
2916
582
504
666
756
879
3672
792
288
573
1296
1464
282
2292
2262
918
1794
1395
351
555
618
1527
1074
3234
2907
10473
384
1083
1176
1371
1599
822
474
810
3957
864
3444
2091
963
1230
216
423
933
5064
1509
1629
1317
627
1374
3183
1842
1365
3555
3984
615
1401
438
354
1248
1953
498
894
1713
1563
1458
1401
690
3207
2220
1401
498
204
1728
495
582
483
5112
1455
1332
7932
5286
216
822
1098
873
1542
1764
2400
906
1542
2634
414
519
1464
1488
921
1548
1416
1017
1161
1311
1380
2955
318
1626
2646
414
483
2409
1362
1341
1344
1494
759
1101
4005
1338
417
240
1569
1281
876
252
474
1185
432
240
252
657
492
1773
1002
468
1131
801
696
1239
2622
1542
1194
1803
642
534
849
237
1692
594
924
1392
2841
1878
840
1440
1338
1743
1932
354
1203
306
270
651
1398
909
4362
1920
1899
1830
2190
2376
951
309
2145
1674
1662
1731
1464
471
711
1524
1380
336
897
2256
768
1155
1260
1098
609
948
1110
690
5436
2130
1515
798
279
555
3555
1935
513
636
1632
192
945
894
1026
1920
1425
1041
3102
2115
627
771
165
1425
843
780
615
435
435
1326
2574
1743
1314
288
1602
561
1077
2448
2661
615
1446
1278
597
903
1869
330
5007
2049
1800
975
1302
1026
1767
2508
171
1425
2166
4743
1761
5814
1854
588
1524
1047
1500
1044
1026
1533
333
1137
2079
1053
858
537
1431
1857
951
1329
918
948
423
1596
681
1287
639
909
2517
4086
174
1314
2568
693
993
1398
414
1806
972
1083
876
2166
4485
336
1458
1251
1119
813
948
1794
5577
1095
1701
3246
1644
1650
1716
870
1125
738
207
1815
1083
2022
564
1221
687
1449
477
597
1161
2244
630
11928
1842
801
399
675
333
1428
948
1152
1284
873
1245
783
1524
621
627
2490
294
642
1314
1485
1239
2226
915
267
771
714
1086
1002
1038
1059
1095
1056
816
2193
435
1320
363
429
462
330
2307
555
663
606
456
1509
1596
1785
696
426
1065
213
1173
1716
4395
1170
1065
1830
699
1845
696
1044
1776
1608
1119
1521
1635
1116
2865
576
1404
1068
2964
1554
1533
528
906
1542
909
600
591
771
1335
2895
843
1785
4656
879
360
849
1314
279
453
387
564
384
387
384
489
957
375
399
489
162
1026
489
534
780
411
3441
1206
399
1386
1074
1932
2571
1317
1473
786
1560
606
1173
888
675
1923
699
714
2484
2634
1236
219
1440
3540
399
978
636
1008
2547
660
894
282
1623
1464
1872
762
1854
732
1872
2292
1182
1206
1725
792
2037
954
816
483
3315
894
240
207
4908
1140
1434
1533
1128
1131
1431
2376
3120
207
240
894
615
1611
1857
4077
1191
186
2151
816
1035
1377
1425
1398
1131
636
2973
1362
642
3945
3786
480
3963
735
1509
213
336
606
411
3441
1206
423
978
1020
1917
246
4605
1890
723
2937
894
1080
3351
1464
387
1167
816
375
771
1239
1107
300
1092
960
1035
2046
924
600
1005
522
1350
372
567
1698
750
252
276
690
345
633
729
498
1638
993
1131
558
3930
747
714
780
1626
918
4554
864
1641
438
1005
858
525
1020
1668
1005
1728
450
1155
1359
1524
1332
843
2646
993
333
3546
3069
1560
258
273
597
405
942
1542
741
1983
240
483
1548
699
588
990
570
1188
330
663
1893
255
693
570
1080
1740
4137
1704
666
888
1194
1677
978
1854
4146
1485
633
807
789
1515
933
1494
849
813
1458
3276
2061
1806
1809
768
1605
4947
828
771
1905
3006
1902
1914
1473
4053
996
903
795
2031
1695
285
273
1314
228
774
618
495
1920
882
3393
861
864
2124
864
741
363
2859
672
945
1533
1158
876
966
867
1632
1461
219
315
816
507
846
1488
411
1119
2772
396
288
2577
951
1272
1866
933
1182
2610
1140
1674
1347
1767
2643
381
1137
1704
1137
1383
1215
1137
549
1143
672
2121
897
2478
540
1026
1527
3462
1395
1794
2322
525
1923
639
303
1692
345
1527
2457
1293
246
1056
3333
1638
378
1140
3099
3036
2466
561
1482
243
2964
3450
1899
1788
1452
1053
1551
438
219
1611
1239
4593
2238
591
1329
825
1848
987
2973
192
1338
987
2718
2085
2664
1191
813
762
1140
1206
360
363
1740
780
1263
819
441
1776
738
1434
663
1734
441
927
720
939
915
1008
1785
2406
975
2106
1575
402
966
1545
1572
1296
846
720
774
1236
738
2016
987
675
1173
702
807
2073
1272
1242
609
828
1050
399
1095
1212
2082
3234
1806
1524
483
705
900
1434
2931
1449
552
1443
486
1425
402
867
879
2490
1488
1116
3270
1041
2157
645
1668
1527
999
663
2547
597
1062
480
591
534
792
450
435
1407
441
888
762
672
636
528
2679
714
1314
1140
954
1026
318
1443
2538
1059
1050
1344
2880
2115
1059
423
1386
465
1035
2940
582
1494
2217
2724
1104
969
1314
942
2241
759
786
2394
540
987
660
570
1053
1038
1896
1341
561
1644
453
810
762
2424
1776
849
1059
1071
735
1110
720
567
978
1704
1113
192
1815
2607
414
1329
438
366
1296
1071
1803
1344
1128
216
216
1845
1350
1017
222
762
2757
1599
1413
699
633
948
3420
1071
288
1365
414
1110
246
3651
4905
1404
630
1344
759
2829
249
864
1194
2703
714
411
1557
2190
1293
1530
1416
987
1404
1557
1326
825
6480
876
909
240
477
477
219
981
930
693
378
387
843
1260
597
711
2961
678
660
3189
1635
534
3180
906
1389
1674
576
2850
420
888
966
894
648
1560
876
1248
324
1224
2874
2406
930
558
4041
1590
1221
333
2952
1731
540
216
528
903
804
1260
633
924
342
927
1005
633
936
423
918
696
1953
804
768
1833
1740
285
756
816
429
1785
1068
348
1335
756
783
396
582
768
1587
1515
900
1746
1386
3891
3102
2370
1584
441
1443
2340
1698
1698
711
1536
1734
687
1068
867
594
1782
513
1113
1068
2277
750
1911
1326
261
393
2535
1056
951
1008
573
1872
450
2172
507
3651
1089
600
282
1428
1722
228
2706
1077
429
1491
837
4269
5961
228
5565
462
1377
1848
1236
816
1446
1938
1419
1077
1221
2820
1272
2898
264
291
798
1998
735
456
1578
1011
2073
1971
816
759
687
759
1932
780
2133
4224
1578
1560
1104
774
783
2574
2247
2592
3492
1110
1830
1773
1398
582
1380
249
732
1158
1395
1488
741
489
972
1488
492
1548
1569
492
387
1650
444
1284
1680
639
996
687
2367
1518
1209
1044
609
210
3453
1227
3039
729
1557
2820
1044
1227
1155
1089
1194
1173
2133
3387
1554
2175
1569
687
681
2991
1428
813
1659
537
1260
849
240
687
1206
1275
957
309
366
1041
1080
2535
1056
1158
408
1257
426
303
306
2682
1071
1209
906
1374
1104
1512
1560
501
1158
1470
978
1212
1215
1008
1104
606
2217
1401
1101
1215
264
1134
2082
3924
1776
927
1677
1233
531
1035
1770
4635
612
1194
2652
576
1335
1065
1689
606
1944
2967
606
621
381
546
543
1260
627
1497
1647
657
1176
1854
222
408
2289
534
1746
1449
1851
1620
978
753
729
927
711
924
546
936
1512
1314
348
1635
1107
2037
2493
1590
1254
861
288
618
1590
1119
1692
900
549
1923
444
6111
1497
453
459
642
399
462
3684
1014
2190
387
423
2106
762
513
504
489
1635
2208
1584
333
825
921
930
387
966
1107
435
1344
3726
990
1647
2178
900
510
399
1494
726
1227
183
489
216
414
2919
921
1503
870
1920
1449
2145
453
630
1560
1236
3384
1695
1458
312
795
2613
1122
2388
1887
1608
1050
1569
930
3348
1956
453
738
204
324
1575
255
1326
795
1218
1596
414
1665
651
633
1254
1071
1608
693
675
1197
5082
240
486
3657
651
828
618
2964
1434
234
861
324
693
996
1323
3267
1974
2643
1509
492
786
1872
3153
1380
1689
2919
606
852
2487
888
873
1851
801
909
1419
627
990
846
1143
1386
759
741
366
1155
2472
264
492
528
381
996
570
1269
636
435
630
651
243
972
3996
1602
2220
1584
939
1491
297
1167
1347
924
2112
2829
855
1977
1071
579
1458
3789
1059
1800
2340
3789
738
753
681
552
1194
1344
564
840
975
849
2526
789
324
2778
372
1218
2871
996
1116
2757
2805
1569
732
1674
738
1743
813
3396
2211
2325
711
1281
492
570
1599
597
1992
1557
2262
498
975
498
507
3102
660
441
975
876
846
1665
465
1578
516
486
2538
498
1143
465
1596
1017
1293
1452
204
534
4080
780
633
1434
453
729
1026
2703
381
1530
1293
2088
1599
411
714
2703
1857
1401
1047
507
846
1488
1026
249
819
1485
846
1047
3840
2703
714
996
1578
2190
1293
1530
381
2703
1026
1740
453
1434
633
1047
1401
1434
2253
732
567
750
1488
1239
1374
1203
1491
723
1878
1323
342
750
1311
606
1413
207
1197
975
669
516
1458
663
840
879
270
3762
1479
1746
1851
1098
1617
3750
1374
3030
1959
522
1284
534
2946
648
1500
255
549
303
1461
1401
1047
507
846
1488
1950
1383
1026
5562
2913
1479
1635
579
1746
189
1050
288
996
804
1692
1248
828
1842
1767
1557
2211
1707
1425
3303
2256
852
1821
198
1890
258
72
252
171
291
81
120
258
282
258
90
705
168
192
345
204
177
1881
993
3219
1197
2112
1449
759
2076
474
660
1095
861
1650
822
909
402
1446
909
1518
567
804
519
1557
1485
1542
1338
1353
510
1017
1164
483
1968
669
468
876
540
339
954
4212
1002
4017
1425
3216
1581
3309
897
762
873
378
912
846
396
2775
1509
459
4329
906
903
675
882
507
1857
1641
2088
3417
2325
2358
360
291
561
942
1101
666
801
1389
786
660
585
1242
777
639
1632
1815
669
975
567
981
999
852
1245
1551
1611
2613
666
1179
159
363
2691
1269
1551
693
1812
1815
1818
165
2217
1041
1692
1650
1635
1983
1569
2238
558
2745
3261
1083
2247
1893
759
702
792
1779
630
1191
708
432
2298
831
1368
546
540
1266
1908
537
3324
426
3429
507
1434
1920
321
2076
1407
630
342
540
558
888
1692
402
3693
867
900
804
774
1014
1182
1614
6186
1032
1005
2466
219
3339
2385
795
219
1629
606
627
357
765
1917
1788
3051
2592
1272
1170
1758
2238
1656
1755
789
4584
2844
1932
528
630
1470
606
1695
843
1362
456
651
669
849
528
2526
732
3117
786
1116
996
489
846
771
2814
339
2547
795
420
564
1068
1125
723
378
921
753
477
1494
810
267
2031
1398
450
2046
1800
1026
1497
1458
4710
756
1473
984
780
1035
1746
1497
7245
708
744
516
306
822
408
549
681
609
1029
3342
936
7767
3963
1869
1983
1338
2541
417
1494
420
420
1683
447
2544
1272
2778
765
357
1113
624
2298
2736
2070
1758
300
447
1665
726
1431
1416
1317
2130
510
1317
5931
1674
1677
5928
894
789
558
477
1644
1845
1512
1701
558
924
2172
567
2697
1101
1473
405
2652
1020
1029
405
687
402
381
582
816
867
1515
4965
540
549
1590
1425
4515
582
567
1821
582
1554
690
1590
1284
1557
1569
2010
930
504
1491
1308
1419
309
402
540
807
1515
1143
834
582
1593
306
2940
522
309
774
546
221
2820
1104
549
1545
645
1407
876
1263
591
240
366
624
3279
1455
1290
462
780
1188
2232
1182
2406
378
1161
900
231
684
345
3291
345
750
1245
777
711
2739
921
1233
315
693
1542
510
291
1512
369
273
540
1167
684
2958
846
945
3594
1113
387
3414
879
1227
654
804
1164
1488
846
507
360
351
1401
1461
1635
1749
555
771
387
1173
861
3027
2115
2307
834
1974
2793
555
5133
564
177
321
1287
2892
5286
480
246
1476
513
2856
1794
1263
1149
1941
492
1269
1464
2082
1674
2940
1428
3534
3048
2181
1506
2874
1575
1587
954
573
582
1410
249
246
1590
1833
1482
900
2271
2040
1995
2625
1659
2529
489
3228
903
603
981
741
1206
2328
930
471
774
384
1452
441
456
3507
855
978
6762
1293
2334
2451
756
888
1698
504
1443
477
420
3204
507
414
600
1710
693
1341
753
687
444
450
663
1986
642
408
1443
693
1212
1332
3246
1218
2283
1308
1269
1386
270
456
2091
810
1260
1335
612
381
1245
363
2577
1659
2733
1143
1146
477
522
1587
1014
663
1371
1185
3555
666
642
1092
4455
681
1206
1599
696
1026
840
741
1206
2451
1794
1557
873
1008
1134
1839
3111
1461
1017
1920
612
579
429
2136
765
2730
1392
3477
951
1710
495
435
663
822
477
1620
876
1182
2157
1470
1104
1302
1515
1212
762
432
624
690
558
1131
1200
4002
1485
1749
636
966
1104
2121
225
1806
1755
375
1305
1191
1482
1461
1125
1500
462
1650
1413
465
390
1344
1704
498
1557
3141
1287
789
318
1512
360
309
933
1707
1677
1806
2577
1017
549
1461
495
1263
2241
3474
1095
2163
1755
273
213
1308
870
1449
1530
807
2751
1782
1374
1479
1542
1494
210
885
3384
435
1119
789
216
216
441
1206
1833
1062
4257
222
1260
1140
504
969
1164
2157
1161
3018
1773
294
216
216
834
1620
996
1041
1299
2919
2031
1173
1110
1497
420
3024
3753
624
873
735
753
759
864
3408
765
1086
1854
1380
1860
1074
1854
2244
312
558
1191
234
1434
1080
741
558
660
648
225
834
831
1896
4173
915
792
1230
228
1791
3963
2451
2343
2892
1521
414
897
888
1266
1032
1380
1077
2265
825
336
651
666
855
1413
1161
1311
1344
291
1293
4167
1386
1467
714
270
1425
1473
306
1137
1422
1851
480
696
1215
585
2160
312
2340
1401
3048
429
1323
714
183
1071
1404
1485
387
1323
1539
5181
2574
1803
1794
474
1074
3258
1059
6423
4158
495
1263
930
2160
2532
318
1368
1077
1854
1146
837
309
2142
2730
156
957
2262
1353
654
474
2199
771
1137
2643
2229
1782
1644
843
1182
2298
696
2769
1638
486
702
696
1314
363
1350
1683
2979
417
432
699
1404
663
1464
435
603
339
285
1104
1662
1059
1875
675
1248
1695
285
1431
996
1974
1515
312
819
1623
2319
1185
1035
1731
1038
174
1899
1545
1080
3102
4056
3699
1272
2529
3519
1494
459
726
645
1122
735
2703
978
2076
2961
1011
3576
1104
1434
1509
642
927
1011
504
618
1017
1530
1374
2367
2613
1242
1446
1596
1581
651
1104
1620
942
849
195
468
3621
648
993
741
423
558
951
672
1026
4539
729
753
828
1077
1584
771
663
1044
1731
1038
3162
1044
1218
546
1044
978
981
1044
1494
411
933
852
1074
1014
627
2196
1518
1089
1731
7128
798
2070
849
858
1491
1338
2520
2646
1065
1197
510
780
3984
612
708
1263
1644
186
561
1566
1170
1212
1290
1065
2961
915
1239
570
1254
1293
321
552
456
900
1944
3159
408
252
1815
747
810
783
1068
411
2757
1479
999
618
1488
240
534
2355
696
472
291
306
1401
1617
1461
1080
1380
405
612
672
1449
750
780
288
600
975
1503
1224
720
717
3024
903
477
663
1134
1098
546
711
993
927
864
3513
1695
2085
744
477
375
639
1050
1095
240
537
1134
429
696
1326
768
747
1209
2295
1332
1293
471
636
1098
831
1176
756
936
786
879
846
507
1047
1401
1284
1533
1554
516
360
1137
2478
521
285
504
1206
1827
2802
1188
3654
1086
2703
1173
876
1335
459
1557
1611
1164
2508
1050
1008
390
951
798
2301
576
276
1350
756
2529
489
5655
894
510
582
1332
663
339
3576
705
1527
1551
1992
789
2649
1131
1476
1158
2181
564
1770
1761
936
1638
1335
1134
2262
474
597
282
435
2223
1893
3015
1896
1113
300
543
1293
1314
1065
1551
2013
426
1131
1860
1641
1281
600
681
1236
999
798
564
468
1620
1869
870
660
1092
1407
4101
1587
1680
2058
294
753
282
615
3204
582
216
738
219
1026
1422
2640
276
306
390
795
672
858
996
1968
1128
1119
504
921
465
2463
2832
453
2367
1044
2544
2454
276
2832
594
336
1164
702
396
1032
2223
2880
897
786
666
660
1287
1986
1476
300
1746
2025
1773
234
1335
382
558
1740
921
4227
726
561
1737
2016
1308
639
1695
1086
348
630
4509
849
885
369
648
870
1329
4368
432
1788
426
1491
1116
1545
570
969
1122
1098
1062
1800
2205
390
1014
396
633
1557
1617
1164
1416
1551
201
975
1572
2505
420
1380
324
432
1044
1872
459
1248
2781
795
390
1212
1215
768
207
1605
1332
1617
561
612
1587
441
1386
948
1605
1578
3444
1155
2040
1494
1110
813
1920
231
1716
1746
2244
897
1464
1182
1035
1419
1767
1251
822
1671
378
831
1224
696
528
1656
1098
1254
1113
2775
1089
1947
1788
444
2340
1515
1203
2046
1002
498
243
336
774
2016
1812
288
300
1413
3276
954
1134
1974
1431
1755
1149
2517
2343
525
477
579
840
609
615
1041
1287
1620
1536
1569
408
1350
483
1524
1125
687
2547
1482
276
666
1368
1842
1620
984
1302
1269
543
1113
1017
2823
1326
816
1446
1926
762
3750
336
2475
1479
1491
378
1932
1281
912
255
1677
1806
546
414
3642
864
831
981
729
501
1059
168
1866
570
1227
2181
219
1095
1149
1536
3411
783
948
513
1698
2229
1971
1356
1419
1281
705
1077
1074
1386
2064
1956
495
1545
2439
318
1644
396
1134
1767
1350
321
1959
723
819
2175
300
387
2778
426
870
300
1434
2526
1215
1938
948
606
810
1119
978
585
1635
1818
2007
1467
1140
1017
1515
288
792
225
2337
1416
474
1593
927
1251
180
567
1692
1008
1029
399
1212
672
1848
453
930
2505
777
1626
1383
1149
1065
1545
768
2967
1335
1554
1065
540
264
1215
1182
2127
1188
1656
939
1521
192
636
570
615
1239
678
1815
411
1098
585
1380
1134
969
2439
1752
1152
1632
609
1401
1638
1008
2820
951
768
3738
570
1095
1152
1008
1515
1410
1641
2553
822
2787
2064
1023
2172
3189
1707
975
654
2724
780
540
531
672
2775
1239
1488
1275
897
1599
1392
561
348
363
2502
1149
555
1575
297
1527
1203
1566
1719
1710
909
1161
438
1017
1461
1059
471
1962
2433
219
1638
1263
1131
2202
1554
432
1326
408
1299
1461
1179
714
4905
657
1020
1479
183
2031
2397
681
1689
834
600
447
2508
957
1461
675
687
666
1131
2067
192
9675
1053
642
1155
333
273
2025
3270
363
825
2811
1203
1461
615
378
486
1701
2022
1062
963
2787
1791
1308
3948
933
885
366
966
873
1068
1116
1692
2229
399
642
936
1725
1836
1251
213
690
2442
456
591
2052
2130
360
1032
2802
864
771
1029
2133
930
765
255
2529
1908
999
882
1020
1371
1266
1404
1212
855
891
1491
525
10854
1362
630
339
3981
435
675
1446
345
357
1116
354
2496
1704
387
996
1260
3330
780
357
2133
276
3384
2091
2361
660
300
1512
4350
858
675
477
519
1041
1689
1647
1713
1389
627
1419
303
378
294
1422
351
927
1104
3147
3372
2361
312
1041
783
873
279
996
1905
1140
1197
4155
3228
552
1689
648
1254
756
1113
501
1986
1263
930
729
378
711
2988
1092
1995
3060
1269
642
1575
969
1854
2697
735
2025
1131
537
660
1113
1527
1575
891
2115
1104
714
1221
915
1107
384
231
1014
1878
396
1029
1560
1458
2229
1065
1047
2316
366
891
1146
939
429
1671
417
2067
1215
1392
408
1110
1098
3180
1365
2208
561
1212
2049
891
1938
1074
2010
294
2526
525
2748
1863
498
657
264
1461
954
1482
1584
165
1554
546
2775
1008
1182
1380
1764
1149
1131
1629
183
1029
882
1026
1158
612
675
1656
882
1002
396
918
288
1263
2238
1611
1392
582
675
498
795
2859
402
3408
312
1236
1728
369
489
3843
1287
1641
1413
1629
1236
282
6240
2172
5118
615
1068
1644
714
411
1218
1599
2415
3369
1593
204
6414
435
351
798
1047
339
1032
1143
810
4245
1461
1704
1113
678
765
1047
2874
3972
1452
1302
789
1578
318
2715
276
678
1251
465
504
816
1632
984
510
948
1677
174
1749
3408
249
3276
465
645
1014
1029
2067
801
993
2850
159
1515
2598
549
2043
1521
1674
1152
1476
1500
414
1056
903
1467
1923
1605
2679
471
1935
3192
1359
1596
2811
7026
1674
1467
723
2325
1110
1050
888
555
582
1395
867
978
1398
1098
273
1557
2892
3933
1245
2091
633
525
426
1194
969
807
1470
1362
1659
903
606
6753
1020
954
783
1659
636
1431
882
1695
876
963
1602
549
852
360
771
285
1587
1494
1275
966
1446
1074
1005
2325
2979
942
891
1665
1839
540
1179
3939
888
1368
771
1167
1470
627
1191
729
1365
2589
951
840
2043
471
318
1374
1575
936
1683
879
495
861
3132
921
2553
1461
1482
654
915
3231
1446
1077
426
1035
1233
1497
1311
2832
633
2334
2112
588
726
1587
657
498
1113
714
1875
852
654
378
741
1104
1131
918
2757
795
1062
1233
720
3543
831
1452
669
924
1287
1500
384
864
2142
1509
1536
1056
2898
486
252
1230
1611
1188
489
894
2571
2595
1506
1542
1719
3657
1038
1746
312
1323
1179
486
759
939
1098
1479
486
831
2472
705
327
1176
2568
951
3258
588
1806
7257
3657
3564
7623
1587
981
1326
1005
1521
627
1620
3714
2379
1626
2088
882
1008
1125
1554
762
516
1011
6090
1047
1437
960
1890
2580
1935
3273
1641
1221
1551
822
1173
1110
468
2919
1806
834
1041
924
792
1179
867
1620
2517
768
1968
864
3084
1194
474
606
720
1803
1254
1032
1446
1941
492
660
618
900
513
1626
585
1665
513
480
2250
369
1410
1554
666
1407
729
1323
696
369
171
2220
513
1062
1887
2817
1257
1071
1503
1959
651
942
324
915
1416
1062
3606
1536
1587
1239
591
3345
1335
1554
846
186
741
1293
984
1596
1236
972
1545
1836
561
1923
1227
609
2016
399
303
855
1686
1929
567
1923
627
1113
1080
1617
591
525
165
432
651
288
1011
1005
1020
1644
972
1908
363
396
1083
555
996
822
1593
411
291
3528
2910
3054
4068
1050
831
546
1773
1224
642
792
1638
393
744
924
2433
723
1065
1044
1215
408
975
1638
354
2556
1737
639
753
738
633
1224
681
1728
1041
3894
927
2781
951
831
987
729
948
669
681
2484
1029
939
849
1125
3222
1317
303
1164
729
906
381
690
3015
1830
3129
1632
894
1104
1596
249
1824
1731
459
867
1476
1428
816
3108
2547
1263
597
2418
1551
1464
1398
402
972
477
372
954
3822
1689
1122
1641
1413
1173
996
612
229
1089
738
1698
2337
432
516
1143
4992
2172
663
645
1266
1221
1536
456
414
846
1278
450
540
840
993
561
1341
528
2451
2052
492
954
837
1614
1071
1431
1011
741
1233
1362
1101
2703
1107
540
2304
1281
3495
627
4815
1578
2202
1284
1467
855
1179
321
522
1311
861
1689
1323
993
555
1326
519
1485
2877
1506
1056
735
957
588
1029
684
726
585
729
576
1356
1839
1749
1101
198
408
3216
180
1362
1974
300
150
936
2337
1860
807
1044
1680
1515
1833
2340
1095
462
1656
1548
936
558
1074
1653
1734
1917
1197
306
198
222
1113
1101
2172
2514
1668
984
582
750
204
726
216
3789
840
1998
495
1656
990
705
1698
1176
294
1710
1323
390
2298
996
651
1203
651
1104
660
543
588
2730
885
462
1221
711
2931
609
537
843
765
1905
795
1806
1008
756
615
612
1080
1668
573
1101
528
888
456
735
1032
792
1179
1734
921
810
1038
780
2709
1770
1356
1509
738
639
1140
1074
1416
648
2058
798
768
837
699
1437
789
1389
1158
915
762
927
1698
1020
2049
1002
1284
798
1263
1332
999
960
810
2103
1503
2931
1908
4251
1083
651
549
1014
495
741
3963
1665
1317
789
474
2601
444
999
1446
2085
783
1308
1101
477
1476
3894
1521
1533
735
1857
1062
993
657
2046
3099
594
2841
1761
1449
1047
960
450
1341
1047
1053
1059
678
813
411
795
978
921
351
204
1125
1071
1923
1665
1272
753
732
747
792
519
576
435
1014
576
1605
789
1083
2166
162
1923
552
357
588
1851
1521
828
2208
2748
2487
528
792
447
1461
1401
3978
750
2748
1365
972
1083
669
1341
1176
2241
2604
552
960
276
942
615
531
837
510
885
489
2697
1461
912
780
726
702
1383
639
279
552
1767
2946
1443
3336
1266
1425
633
525
909
1656
1857
1209
2115
2790
2139
1017
1329
1584
1548
1419
2094
1020
819
1167
1572
825
1320
921
1098
1599
1683
1401
1158
1578
489
1533
1461
1401
1047
507
846
1389
171
438
1761
2433
3573
249
1770
498
8700
2295
3513
1542
321
486
1908
1695
1770
711
402
345
999
891
4050
1569
1449
1878
1011
1152
873
2304
2259
3420
1566
585
1350
819
258
1506
2736
612
621
1065
1287
987
279
1113
2184
945
420
957
765
1596
1584
663
1608
1548
1644
1614
870
2355
867
2286
915
1203
951
552
3543
2532
1557
2631
1347
468
999
1203
2277
534
1737
540
2286
1605
1710
1023
1641
1602
1812
1167
2736
2778
3972
2673
2718
1098
1503
1359
885
1134
630
1632
543
642
360
327
561
2442
3075
2502
945
564
1248
2811
5688
993
531
1764
465
1050
2952
1026
4965
2412
354
252
3096
3351
591
804
2340
2556
4908
1758
717
1848
1191
636
1872
1293
1215
1449
1188
2847
933
795
1002
1572
540
1065
759
2598
1218
729
1485
2235
1878
534
2079
1167
369
348
939
609
1545
1038
1644
1242
879
654
249
1125
2466
1056
1122
825
3303
2277
1620
1113
612
678
864
1062
1455
2292
2250
1884
2046
714
1005
1065
1746
1881
1674
564
6636
216
1191
837
1338
369
2436
687
498
525
2418
567
1092
1062
903
933
963
1041
1848
2193
381
2859
1431
870
483
1014
2184
1212
1005
2886
684
516
849
1230
942
1218
585
516
510
2070
1227
495
981
3285
1383
891
1998
2382
1203
2418
759
1605
1068
351
615
1152
966
735
990
1056
954
831
699
2964
1890
3234
861
1305
2055
1452
3336
729
1359
2460
1527
1326
573
1590
2289
2625
2769
390
225
1128
1149
1326
201
3264
1596
1338
3126
1383
1044
1410
1203
1350
1014
567
348
3363
756
231
1242
1215
1101
1089
789
1332
3747
918
717
1194
891
3357
291
1158
564
1716
2331
1461
741
2052
1710
1707
1704
2799
1971
1272
2103
537
1062
2274
423
3258
1191
522
687
210
2046
2475
684
429
618
162
987
1218
2295
789
1578
840
1257
1599
1404
516
1308
1389
1638
1269
1539
921
759
1473
1086
294
894
1677
2376
1146
1581
4194
1731
786
708
1875
1362
2211
1083
969
1425
1533
1506
381
1008
501
2805
1722
582
531
3756
1956
2694
768
1560
1137
1860
3204
1407
1254
2142
1284
510
1263
942
192
885
933
1497
411
894
1116
879
1425
630
1233
1026
1533
324
669
1179
342
1509
1236
942
3075
480
501
846
1029
822
2328
888
1872
348
684
534
642
612
687
432
2274
661
342
324
1557
996
1500
576
4869
1455
762
1743
1662
2793
1065
1392
1017
984
1047
2982
783
1002
1101
1569
543
1089
711
1569
912
1521
2820
291
1188
3252
1866
693
636
1419
2703
1623
615
2784
2466
1800
393
438
5250
1083
1944
1284
156
519
960
453
2757
1323
1644
1716
1005
1776
495
411
906
1632
4008
1974
5100
1797
495
1071
1365
1686
915
1542
2901
1089
1500
4341
768
2259
1575
1179
1095
2262
1095
1224
348
789
2184
1947
1227
300
993
417
975
318
2187
1164
129
273
4986
417
417
516
927
888
1287
606
705
1887
1050
1122
957
993
615
1029
1533
1635
1467
1806
2220
3537
594
1131
2484
810
5796
963
1989
1152
1416
705
1359
474
606
666
405
255
588
456
1878
774
1653
2199
411
750
1611
267
2604
369
771
771
3165
267
573
660
897
399
270
3144
747
660
621
744
204
3165
912
3297
765
618
318
2106
2604
369
909
825
1410
930
3837
2007
159
1905
1434
2043
495
2163
1503
1047
2256
2271
1554
252
4197
1161
1047
666
3672
1470
474
2898
1677
525
1269
2100
1284
1662
1296
2436
2277
1959
528
1641
1716
2106
2244
246
624
624
1149
1446
789
2385
1644
1737
1434
2121
1506
1491
825
645
675
219
615
1266
2094
546
534
231
852
1188
1428
294
1635
870
1731
1407
1011
1437
1545
258
711
1608
1494
1425
1374
2142
1227
1005
1371
876
963
618
2523
1500
1698
1899
831
1731
2454
1407
1443
1566
2649
1353
1347
390
339
1308
1644
1002
1194
468
582
714
1548
1641
1704
1290
1533
1257
1521
1863
1590
1638
1431
1095
699
558
543
558
399
675
1686
1290
303
522
375
192
348
1356
273
942
267
1074
1575
792
2001
2445
720
1182
1425
1461
1212
2265
1488
846
507
1047
2298
1761
363
1353
1143
1575
1962
1707
2001
3564
1899
2028
5259
885
663
4059
4932
1626
1662
633
2880
1977
1041
1989
231
846
270
639
1590
453
2064
450
939
3957
312
1275
1521
3144
1665
2712
1059
459
1377
534
1689
522
666
3774
1227
627
771
864
1170
546
642
558
1545
438
1431
1527
330
195
1914
906
2844
2109
1263
990
1812
336
516
651
2838
1038
1335
1503
318
1002
459
1140
1068
1194
1950
1611
315
2064
2568
1755
981
696
813
1848
2421
894
756
756
378
1413
11784
756
1326
858
327
1164
756
1974
1146
558
372
1059
1053
2400
1848
2043
1374
1404
3228
207
162
1527
396
1176
975
1644
906
357
351
894
2904
342
1251
4182
2262
396
4248
1707
1029
1701
1713
2343
2013
945
1059
960
510
792
2421
1005
1107
633
1032
771
783
1146
1497
1605
1488
2055
1998
1524
915
4299
1020
981
981
513
468
999
1428
1821
519
915
1644
432
627
939
645
2103
2046
174
3723
1590
2148
636
675
435
3180
1704
1629
1323
651
423
414
159
1698
1773
2346
1512
2868
1692
1461
1623
642
2436
1398
2307
1632
1932
801
1719
2979
333
411
1626
1185
495
762
1866
621
564
582
1245
726
2823
1134
1056
663
1971
3789
408
3801
729
2286
1620
255
276
360
861
927
525
1071
678
873
1740
1440
1638
1173
990
591
1041
1368
1314
2220
1425
3672
267
996
276
321
1029
474
1506
1575
735
1038
2637
657
171
1179
1197
1239
1080
697
639
1620
1515
1137
1323
915
981
837
768
828
510
1533
1716
600
1011
354
2040
2094
966
351
1167
1083
1044
954
1821
390
1431
1455
324
933
573
3570
648
819
522
918
918
489
1062
1830
747
1083
4038
1017
1521
1512
582
1908
732
639
819
423
1170
2418
1002
1122
825
1011
1191
1173
840
2307
1293
498
2268
1689
699
1419
2286
3309
795
738
249
1443
1377
636
942
1140
1386
1227
1437
1008
984
1677
1593
738
438
237
2637
1329
915
831
987
1956
3114
1992
279
1137
942
1629
4431
387
750
684
324
2271
1275
1698
1371
885
1344
633
1812
1041
930
1950
795
1200
1965
1398
2154
2334
1974
2673
1062
558
1152
1044
225
342
492
1464
1269
4824
576
2412
315
864
702
561
564
738
957
1887
681
720
1632
390
1161
1050
3102
1098
429
540
1206
1140
663
813
1101
3102
1107
2085
2742
987
2631
933
1809
417
378
1629
1014
1494
897
1401
2313
720
759
759
1122
2844
471
2856
1623
1122
588
486
759
1503
1290
1464
468
1170
1125
3705
750
945
216
420
1011
1200
1686
963
297
993
1638
1443
1437
420
513
978
1257
1413
2439
1629
1668
531
1488
2019
600
738
3039
945
1296
927
1719
933
2895
1566
798
774
1419
606
756
969
255
1065
459
927
1110
1554
603
1182
1590
585
780
1308
828
1725
1260
1053
492
5343
336
2730
342
204
207
1434
435
867
240
183
420
2931
594
1467
564
516
477
1485
1137
564
789
3957
447
1977
5568
828
2283
468
456
984
1092
1047
1302
639
1761
1002
1173
570
2691
834
618
1143
1158
1005
1344
1176
1191
693
1434
2439
420
1335
1176
1098
1101
693
1290
1461
1122
1020
915
735
345
462
1344
231
1410
594
600
387
222
1851
1059
2157
603
741
1095
3666
999
2835
249
1557
1098
1296
1422
2295
945
1392
849
2775
1212
654
1758
1134
1425
2472
660
2178
3078
1281
1116
915
2577
957
1008
2010
990
564
1365
627
1527
618
717
351
1395
1794
1461
1401
1047
507
846
477
993
753
459
1245
456
264
852
1440
3063
2451
1044
4494
234
1485
2550
936
1062
2277
948
336
1086
786
1068
552
606
1098
234
678
2025
417
1185
1641
1647
969
798
957
1374
918
486
750
729
231
675
381
594
1326
1431
1167
1188
1647
429
1716
1134
1350
1158
993
2064
300
1413
969
1695
357
1341
1338
816
1785
753
1758
1617
1482
1038
945
588
1494
570
1065
1389
1797
942
942
1005
1122
1110
1869
1830
846
2424
1170
1161
828
1053
1653
1110
882
1437
1002
2865
1257
2139
1506
234
402
177
423
1758
354
639
1359
1809
1419
1098
576
936
483
840
1692
3192
3504
1326
2361
2235
1026
1161
3105
345
1023
2280
1107
387
495
1251
1122
1551
3795
1164
600
1428
1503
2763
1344
2235
615
432
357
1161
1299
3759
1362
591
4134
936
831
2640
255
228
1536
1431
684
870
1560
732
1164
1443
897
693
828
1131
1203
1113
630
1017
1557
591
555
2139
1086
429
1149
1365
1035
1596
351
1206
1191
1467
1002
1518
1299
798
1209
795
3627
1689
2277
594
1629
1920
1443
645
360
888
936
1482
204
525
483
3066
591
1578
2520
2949
255
2205
684
3171
723
750
2685
753
867
7035
1176
4260
549
936
888
360
2760
2643
1512
1857
1785
1812
2010
1620
3414
1833
1428
1935
744
1050
405
3063
4947
696
192
1221
489
522
2511
567
1488
333
2322
1197
573
738
1449
3285
1128
339
1998
1413
1449
771
372
846
774
1437
621
666
2013
990
1482
1632
1446
1020
10920
1623
918
1497
1026
2094
1356
1449
1215
1050
1890
1203
1080
1209
624
561
2046
1341
381
1317
1506
1488
1476
879
1512
1446
2958
2520
1269
1302
1362
417
1212
795
1317
2886
249
3636
717
447
402
261
432
324
1554
2454
861
2142
972
336
282
834
702
1305
687
1704
1677
759
207
2259
1860
489
1866
1857
696
2340
2211
873
666
1389
750
849
963
348
1062
1800
2511
1680
2460
2340
2544
1281
660
2094
441
2409
495
519
2151
2229
2016
870
762
1683
1248
501
1710
1761
2664
2151
252
1572
2646
1458
654
1209
1149
540
1056
1503
390
1533
951
324
1833
489
882
1038
540
1023
1605
1269
636
1134
1080
522
1374
327
1893
1338
2442
1290
1902
642
1305
1230
2211
3081
1380
1515
1449
570
564
327
1293
2274
4209
792
687
1581
1629
2199
315
504
2583
474
468
1587
1464
617
1377
339
621
390
423
3204
327
915
1470
1557
1356
690
1002
1218
1491
1485
1479
1227
1080
426
861
1125
2028
459
1491
1800
2028
1416
1839
1008
1098
1314
672
3009
522
2286
702
891
3774
744
1281
1653
2001
1863
384
813
1020
363
3930
426
582
3078
573
4791
1107
1911
3297
1401
450
336
2859
2910
2322
1530
234
1035
1185
357
762
321
822
582
843
1359
912
513
885
1041
474
1428
2100
2730
1275
1938
171
249
2883
390
615
444
1827
609
1125
1185
495
405
2820
597
294
687
1191
219
579
636
1347
2019
657
378
1029
684
489
1230
1341
1116
1110
1719
213
270
207
1527
1653
1074
1080
1005
2841
1293
1011
1359
2610
1329
960
447
936
360
4638
1971
354
1158
690
2442
951
318
675
372
516
273
276
480
1542
651
369
651
723
708
180
759
780
714
483
414
2250
1020
1065
651
1302
417
1548
1818
1278
1602
489
3036
468
1662
543
465
1836
1017
708
3594
1068
543
168
678
345
2064
4194
2340
279
1719
963
1005
5037
1071
1428
1896
3219
789
1407
1155
813
2523
801
1977
693
1821
2124
1152
972
1425
1158
771
723
1587
612
216
423
1128
798
522
1968
2373
1152
606
1665
1416
2034
675
3051
1869
1746
591
3720
978
1062
759
825
468
1671
1107
993
3228
1404
3438
1692
1809
405
270
2529
2865
1029
999
1041
2154
798
3198
2742
1218
1230
2094
2181
948
1014
897
1377
927
1176
1023
1479
1185
1698
879
795
1413
1005
486
1752
840
672
225
1542
621
1494
1191
996
1746
1035
2262
1632
1104
1635
327
1434
1494
1782
282
570
318
210
996
2019
261
1506
1224
2727
1065
708
1467
1491
813
936
768
387
654
2130
2508
477
495
1614
1245
828
3240
2811
231
6687
960
1422
1521
1104
1581
1521
846
1473
312
414
4701
1623
1281
1731
1761
612
474
2790
2445
2058
393
1236
963
996
2088
225
1818
1164
312
414
3096
582
780
804
1932
1959
2121
2232
540
948
1764
4470
1581
402
1458
1401
324
360
792
3381
873
1230
816
393
681
1161
1488
1935
375
801
1824
1458
1401
1047
585
846
594
879
1347
975
1425
663
1206
753
711
486
846
507
768
1458
2778
5253
336
4185
4842
1827
528
774
684
1422
912
1350
282
747
1620
2817
3165
810
1353
1815
4779
1188
1563
1146
855
1101
918
1740
729
567
1053
1086
498
477
1128
1467
705
714
1464
705
699
1182
993
597
1806
546
924
708
1038
1488
840
1092
1089
1854
1257
6558
441
279
1206
2514
1065
792
1599
1218
1215
492
1338
2823
5118
1434
555
1056
1392
1521
1167
1263
1125
2232
513
1308
1284
1440
3129
1608
2604
2940
2676
1605
597
1458
255
2334
2235
2139
1362
429
2565
1653
1686
408
1113
792
1146
3414
2481
2421
2052
1767
1377
768
210
5457
933
1791
3225
1137
786
1194
3120
1077
855
1269
1197
489
1494
1530
1983
1581
1575
993
525
255
774
330
1623
759
1686
3150
312
1113
1965
1443
918
999
288
2688
1131
600
804
1383
669
810
918
2250
1416
1812
387
1323
363
534
522
306
2916
1416
1419
1767
1359
1692
1272
1272
438
1059
699
936
1440
2988
1014
954
1332
1653
537
354
1089
1338
510
1140
1605
1113
1101
5919
1356
1371
537
945
2301
942
2574
642
2073
654
747
3723
2025
237
3153
759
1683
1206
720
2781
423
1122
930
1383
909
402
1032
480
1419
1383
2331
3441
1563
498
300
822
1464
2388
1467
6765
615
240
1152
1638
1683
738
2553
1587
1131
1401
1059
1446
1074
2646
1632
1017
2556
1005
927
1404
1128
444
2268
657
498
672
5112
3078
2823
1545
1422
1167
1092
429
2937
243
900
282
1797
1506
963
1200
972
717
3309
1905
2886
1293
693
630
1392
2679
1803
1038
1614
552
561
1068
1305
501
639
762
647
2367
1002
1020
1059
264
207
2049
368
3006
1710
681
564
642
669
906
3390
1110
1218
528
801
546
1581
807
1044
1761
1917
4029
1782
2283
624
1779
1797
1797
615
2745
1539
639
948
5910
1497
1593
951
1377
1554
1548
1020
858
3651
930
969
1008
2910
3795
3435
2694
870
975
1212
1212
1401
1047
969
1128
1794
1845
1401
519
516
5874
1047
4863
780
690
1050
828
720
1257
2025
354
972
963
672
1512
1044
615
894
1188
708
2445
1191
1032
582
783
636
1329
2319
387
966
2709
1146
654
294
1476
1506
5034
1644
519
948
1989
495
1308
162
1089
1050
1605
3444
1173
1758
2070
1548
1092
987
1509
474
963
4287
381
462
327
1809
1212
1431
1005
8334
1104
3156
1116
2211
1191
1560
675
1023
1398
510
1308
3852
615
813
2037
447
1563
1002
1287
1410
1437
876
660
810
1479
399
2346
1491
1053
1422
546
543
1575
1434
600
522
1044
1290
1581
687
504
1035
771
4302
297
3192
1311
1047
1401
1431
2889
366
579
2748
2658
1656
693
2040
2400
339
336
1059
888
636
459
501
384
1863
345
1134
879
1326
3954
7998
1092
2226
1230
1680
3891
1191
1005
3315
1122
480
1074
1440
567
5328
321
1881
1545
2394
186
435
1401
1866
477
714
516
2022
2100
2613
846
549
3936
495
420
624
561
1689
801
912
1056
321
762
1020
2367
1035
783
222
195
252
2901
249
1407
699
333
327
1641
1008
1701
570
555
1404
681
1632
1326
1233
1308
2283
819
492
1497
792
597
972
3753
963
1971
1503
678
2160
909
417
1263
1578
579
1887
345
423
1548
1299
1695
1323
1296
1629
411
435
1533
498
696
696
339
375
480
1830
585
2274
3519
1359
1113
252
858
1095
1572
1797
1896
1974
2451
372
1722
1653
4722
741
453
1155
1755
462
1563
2994
249
1440
768
357
2406
1104
1242
981
243
3996
972
3156
696
474
1311
852
1992
4209
4224
837
2811
1263
1347
507
861
1599
780
1863
1863
1341
540
1773
846
990
4719
1416
282
1686
4269
1800
624
1716
1041
954
1293
288
1530
405
564
975
1563
1497
837
225
273
2241
1089
597
990
987
564
756
936
624
804
1707
978
1872
945
1020
2073
996
441
711
810
1155
435
978
1692
981
798
927
2652
282
1077
2952
252
1584
1794
1689
1041
534
495
1011
1005
987
792
1011
783
1833
891
843
1293
735
1179
4317
993
1344
3276
552
432
294
1065
417
207
669
1683
999
444
2874
3231
1395
417
4911
702
1530
825
2094
2652
366
1356
735
789
1098
5385
420
375
1200
462
945
567
1545
1509
1056
213
864
1608
801
1383
1344
1419
711
828
471
2103
1290
456
1638
1056
213
1104
579
1659
1296
423
1659
1392
660
3015
1530
5136
744
1053
651
537
1785
2313
288
981
1950
549
3897
1398
1200
1638
2274
1746
1392
288
1263
552
1050
1299
648
930
591
1320
3840
879
1002
756
480
1047
1761
780
1362
378
540
948
2046
552
1056
489
1833
537
2820
1092
912
1074
654
379
657
570
1725
1581
879
474
1008
1092
1527
1125
987
540
792
966
927
741
1032
1044
1038
963
3117
813
1740
1014
1056
1947
1047
1029
1020
807
2547
1833
1032
1821
2046
2388
1107
1266
1002
5853
3579
258
885
2409
2310
249
363
171
831
708
1017
774
1245
3777
1572
963
1521
330
1416
2376
795
807
330
762
810
2385
2316
981
1017
810
1503
261
1494
3423
2493
465
918
939
285
912
2307
630
933
747
780
1329
1701
1158
1050
1536
453
1395
2961
1551
1395
1677
1698
1029
885
912
558
1839
1461
1134
1119
1185
849
1959
900
2199
1350
486
1035
300
366
792
825
930
732
3198
564
1656
1779
1485
1119
945
1350
975
1599
1335
711
939
861
969
3333
1017
909
3366
2610
555
390
1689
1038
1374
3054
681
3069
1413
1359
3006
1107
1665
198
1512
2154
2229
1230
714
996
1200
723
1575
1071
423
423
3219
2490
333
2634
4200
228
510
2073
591
1446
1635
516
1017
294
243
624
3951
5877
432
630
1686
1272
1536
1491
1068
909
1590
1164
1296
1326
1635
1059
1281
483
366
1059
681
2886
9339
9381
2010
888
429
1011
777
1347
612
696
1476
1173
1077
2901
1899
1473
1908
1452
309
1005
2439
1242
1362
1128
1200
801
1218
1029
3501
1026
1149
1035
2970
1149
858
1674
1515
1536
993
924
3123
483
1599
1965
2109
1083
612
252
1110
1014
630
636
666
1686
1167
1908
1509
2013
1383
1062
948
1512
5322
1308
1755
837
3363
744
2916
186
1470
2139
1284
1311
1236
474
525
2595
471
3318
2043
561
759
708
567
693
1359
494
903
342
1878
675
696
588
1737
549
1080
546
825
1539
1953
735
249
843
2208
354
978
1137
1752
1092
255
303
297
1767
2712
1611
432
2124
1143
1557
855
1524
489
1611
303
603
1689
1611
1785
2277
1146
2352
1695
3375
585
7056
984
870
918
1617
1461
3945
1440
1563
1011
1974
1887
609
1608
3999
1308
1143
954
1308
2367
1767
324
786
507
486
756
747
1650
816
459
1650
201
1965
2472
3783
960
393
2616
1449
2067
2397
1653
726
1707
666
1044
945
930
2229
726
1191
288
1170
306
726
618
1623
597
1776
564
1632
1941
1527
1650
1248
1281
1344
2208
1620
513
1602
1557
981
1068
882
954
411
1419
1824
1581
1509
1575
1569
1056
540
3762
1281
534
525
1068
978
1572
1662
1533
1299
513
426
1533
741
1446
1617
1998
1899
726
1959
744
1428
420
3219
1554
3045
201
738
1404
777
1521
1665
1182
1377
1563
1812
1701
366
4302
2469
768
1764
918
852
1656
825
624
942
411
1062
1476
4017
3150
1008
1326
1707
750
921
894
3324
1146
1785
1347
3024
762
951
1668
723
552
2505
726
1041
870
999
621
2271
1464
348
2694
708
348
834
1872
1089
474
264
996
1023
1341
450
1641
1668
1905
2481
816
1041
1869
2727
597
1980
4755
594
774
648
3762
810
1371
4143
429
450
1836
576
1608
1515
1890
2391
669
1425
1665
1863
570
2745
1290
1389
3138
408
861
381
4395
1551
3432
3456
1602
3567
2310
759
333
1422
954
750
1257
585
585
1095
588
1689
1401
2205
1071
1797
1572
849
651
1515
1662
363
648
1923
417
14424
1227
1569
1068
1359
1677
348
1368
906
1161
1338
882
3138
1512
1128
1413
375
780
438
618
1113
1809
1437
1659
1629
822
1437
1803
1218
1815
1362
1383
1077
1611
1533
1464
1290
1581
1800
1812
405
1881
2505
1416
1689
303
771
1665
1101
888
837
1089
585
591
2073
684
1002
753
477
1047
1023
441
1299
294
1869
1560
2463
1596
1131
2766
924
1560
1572
2313
321
534
1047
1242
240
534
2217
660
1215
1335
594
3141
1401
936
750
1884
435
903
5160
3144
3804
1089
2781
894
771
1695
2679
1746
927
2154
2109
4968
2103
459
1314
651
1200
2376
1107
963
828
381
810
1887
1359
972
975
882
321
225
1008
1830
1005
276
507
408
1200
918
1182
1431
690
864
3630
266
1497
342
1293
1344
1500
2322
711
912
243
3267
270
1632
972
348
843
927
621
936
2244
1140
924
645
2532
339
6837
2580
2610
414
1713
912
1059
306
1380
2232
984
867
1215
1458
648
900
1032
1074
819
1065
231
522
1641
930
1755
1491
1350
429
1962
2340
2625
1116
816
693
336
1629
1962
1206
378
399
711
423
2655
1080
1845
1419
324
360
4578
1449
3873
1389
1344
1368
930
1911
2307
912
1440
1368
1596
1803
1524
2451
1719
1425
1956
1878
552
1563
942
1542
1779
1134
1623
1620
981
1428
1503
1746
1689
1347
726
1077
2196
2046
1872
1557
1203
1212
729
1962
345
1224
2205
252
1539
315
306
2409
7080
1434
1374
1539
1521
564
4806
3297
528
1950
1185
570
522
456
1272
306
1887
1977
1842
1956
1845
2238
1182
1851
1869
1272
8403
2349
3573
3759
273
2136
1818
1836
3360
1620
519
3360
873
570
1245
2442
1020
1737
1209
1731
786
1197
1284
828
648
2016
3387
1485
666
1305
1446
480
1998
1926
2970
1350
1404
2034
510
699
1230
1611
954
1911
831
1071
1938
1122
2136
3099
1704
1746
1749
336
927
2271
2010
189
1887
1695
225
1296
1152
1911
1059
1227
1551
2100
1128
1305
915
1071
354
2148
1011
459
1557
2634
2721
1638
1194
828
1158
2379
870
1326
534
1341
1341
1143
1182
1425
843
951
2391
753
192
1095
1497
243
618
1728
312
1122
1401
1131
1380
1461
1401
324
183
1488
3780
1101
399
672
2886
1551
1362
1146
1146
2298
1569
561
1218
393
723
1281
504
3066
2859
666
765
1371
1005
669
1191
2376
576
690
1512
1641
717
1101
513
246
1575
1590
2115
720
1089
993
384
684
3087
1200
2700
186
483
1077
1170
411
1734
1053
948
1320
1395
3588
1074
390
3630
2016
921
555
1254
468
2067
540
3576
918
453
1128
2322
1137
561
294
3162
4386
840
1665
2076
537
1422
1392
2712
1464
753
447
618
276
876
837
2385
1092
492
564
4731
3177
2784
1839
576
1647
705
1362
378
1704
717
606
999
1095
429
594
762
579
921
204
1977
558
1863
1734
1224
447
1233
3657
2355
3648
378
4032
1233
348
1818
1443
4248
933
2865
1356
1716
2082
204
1167
993
987
1503
354
996
2625
1053
1002
6003
777
942
1419
1092
894
1737
1245
1650
1416
405
1647
2076
1533
747
771
1629
825
4089
360
3351
3459
1887
681
1269
879
1602
1377
1281
633
1317
2343
636
609
4989
870
1737
1374
2418
2493
2301
186
903
756
438
981
993
243
660
1176
192
1323
660
1647
672
711
1572
336
1569
435
1377
1044
414
576
600
642
1215
918
1053
900
231
1413
849
288
1605
2109
4239
1584
786
1566
1446
2385
1677
2103
2424
1617
1626
840
1146
1569
2031
633
1884
1398
1371
468
1287
1890
2631
1602
738
1653
3285
933
1161
1509
1749
1005
1152
3714
2031
1464
603
756
1023
1728
765
573
1053
1659
1743
2136
1506
711
756
1401
1731
1716
1371
1716
768
1893
2487
5223
2898
1818
834
906
831
1287
831
228
1041
2088
1527
1707
555
840
1821
1026
4233
1263
1122
1869
1476
1293
1131
1047
1953
1209
642
2403
993
627
1026
1479
1473
1632
1350
2046
558
630
2496
2004
267
2241
1800
444
1368
1023
1800
1200
2280
642
291
3321
669
1074
1278
1287
1095
801
975
480
1782
1056
669
1632
1395
717
2244
1461
2148
618
861
1053
1056
1545
213
630
1068
1299
948
1398
810
396
4017
1833
1164
2316
1689
1284
891
1416
1059
783
966
516
1854
2283
1044
936
2586
1344
1530
243
1662
1026
579
2625
2367
999
2001
243
1659
3969
1356
864
1554
2028
1923
2229
2103
972
2907
855
2355
654
684
342
1158
2625
612
195
2631
1026
1371
648
342
2412
774
219
789
1308
678
852
2067
711
1938
1785
996
1134
930
6180
1143
1125
792
492
1485
603
1392
5010
1659
1299
804
1854
1656
4098
852
1632
1593
108
1032
2961
714
1131
1719
444
498
1803
1791
1161
1209
1161
4923
1767
2079
3282
3093
3216
783
1206
1554
777
1059
3183
567
4458
1299
1983
1047
1251
1710
1842
1635
2049
837
678
447
1446
2670
3246
2457
1473
543
1575
4101
1158
1314
918
888
1239
738
900
1854
2766
1401
3321
1212
750
2448
2679
1101
2421
1002
1611
5808
1221
543
1761
1617
1206
1134
1005
471
1038
1248
765
912
903
912
6228
903
669
906
1086
1395
1500
381
1230
6492
1746
1785
2478
2277
2622
1425
366
1002
2307
1449
1854
2685
753
1230
2517
2850
678
1863
1128
1335
1422
1371
1338
2421
1029
1197
1425
627
1842
990
468
2781
1254
1974
531
870
2478
2406
1098
957
912
1935
1053
1209
423
2571
1395
378
2979
1512
4866
834
2739
4893
885
219
2118
462
2598
249
870
555
2493
984
1050
1548
738
3093
1692
213
1320
2118
1269
372
1185
1767
624
972
1488
2718
750
945
993
1515
258
1137
5682
2223
2421
423
786
921
456
384
3435
708
2292
378
960
990
708
309
1503
237
2043
1641
2106
2514
894
1110
2133
1929
288
1797
246
864
690
2274
408
333
1110
660
459
318
3195
543
543
816
1236
522
1650
2577
1485
867
1335
2700
507
3348
1074
1209
1458
1332
666
1935
2991
690
3486
579
1749
963
813
603
636
936
1425
603
1845
1293
771
2244
1131
753
792
258
1110
1584
1473
846
786
747
3234
555
894
870
1671
1056
897
423
1767
2760
375
1281
1059
612
5262
1551
2193
393
912
486
1410
855
774
2985
1068
1698
978
2544
1173
480
3012
393
1509
2214
1047
3636
3459
852
249
582
1326
870
1143
345
3147
450
357
669
699
1203
666
417
375
372
2532
771
2106
342
3063
669
549
657
1239
519
939
570
561
1254
1326
1239
501
3513
1350
723
864
366
945
513
429
297
360
969
1476
999
624
249
1257
1554
720
1395
1017
627
2697
1242
237
2838
1062
1194
366
1623
675
1269
585
963
2643
825
174
1512
603
1509
1347
798
423
2244
2784
1878
3093
819
171
3657
1359
417
1089
1143
2283
1944
630
2613
1767
771
3114
3180
834
1785
1521
1485
681
1086
2544
705
1275
282
270
1950
1920
2115
2103
207
2100
1947
1233
231
744
1098
1377
774
588
5376
3318
393
384
1047
963
846
2796
2076
540
627
3261
1542
1056
1113
261
477
1434
624
354
3543
1398
1185
1104
3129
1035
981
1041
1104
2409
1554
1989
6474
864
1911
1947
483
1665
1320
1236
393
222
2544
702
777
1068
1422
366
1467
1539
2016
819
1302
1170
429
1179
405
1176
627
252
1020
1023
1323
240
258
540
744
1512
1890
798
996
723
1794
1647
2130
378
699
990
756
408
852
654
1707
1809
654
1608
1044
720
1437
1035
249
666
1218
390
1011
570
1305
417
2055
1278
753
693
840
717
1008
801
4575
567
1437
2940
1620
1461
1113
837
408
486
1152
654
1392
1032
2250
1653
933
2394
3366
2496
1968
1296
564
1419
450
504
1125
381
477
1146
246
219
780
291
450
1176
1695
1137
2298
576
252
1395
2709
1125
909
1710
1953
1044
819
1173
849
1869
468
933
3039
543
1194
3606
987
810
1440
1947
1479
1557
417
3537
3165
15480
4488
477
2070
1401
714
825
957
4848
1086
963
2325
645
876
1146
2931
1824
378
1599
780
1470
1179
1059
696
1224
654
1665
1497
984
1002
1032
2946
345
3120
528
753
1374
396
660
3405
3057
852
750
267
276
405
1008
1596
963
402
465
2412
339
1401
2067
2292
1332
1857
3576
825
939
1404
981
975
1032
444
255
666
846
1098
3429
576
2091
618
7053
1221
2589
441
882
1350
234
1701
441
1335
1965
1698
1377
3828
1380
405
573
1761
2874
378
2886
1509
2067
201
1029
1311
1659
1098
1194
1017
921
1815
477
2802
3246
576
1461
516
576
1467
381
1716
639
1326
1869
558
825
1425
429
705
1722
1080
690
1473
300
882
492
540
5685
882
1899
4761
492
1575
966
1830
1722
1605
621
951
186
987
831
1308
1506
1671
228
3720
303
1500
822
939
432
780
1065
1140
1032
1791
1662
1728
1554
5697
1317
2919
1851
1692
3942
687
1650
393
480
366
2529
222
1167
1731
537
864
507
918
480
705
1329
1851
1680
648
1032
1323
2637
861
936
561
1533
342
375
1167
1440
594
240
666
1035
1494
1212
2373
1527
1257
2496
1029
864
3345
1752
480
942
1653
327
537
1317
186
1791
2088
639
918
1248
4026
2217
165
2001
576
1455
285
366
414
1314
1611
1479
651
2190
882
1428
1611
756
1674
1572
951
1428
1641
342
966
1329
528
855
468
1098
321
945
576
588
861
897
1143
1128
453
1203
351
990
201
579
1002
1320
1092
711
1608
909
1536
1257
891
1176
3165
2508
1491
1803
1812
771
1110
1188
1332
5331
1473
252
231
303
711
465
912
1134
2649
2631
465
1935
369
639
3084
1422
633
2445
1257
1224
345
315
1104
1071
1386
2994
1404
4200
858
327
603
2775
1431
1509
510
1089
996
324
1125
1788
1287
1056
1368
801
354
627
1113
873
339
1617
249
858
1131
162
759
2097
1674
1395
1626
255
762
1443
1698
3222
576
3318
627
330
1044
1470
1059
1092
852
1113
237
900
1041
1854
1749
597
1665
540
4392
612
930
1014
621
504
2145
1110
1434
1233
618
555
351
1395
1860
1989
1095
2715
1443
495
1596
1617
4176
243
1668
969
1017
801
366
927
504
510
2613
1179
900
780
924
1671
2268
642
582
1224
663
723
720
1404
1092
1593
693
846
1188
801
1503
1581
636
639
825
708
2640
810
831
5814
804
1452
1293
888
5988
1596
1242
210
411
1926
2391
1377
1830
327
786
855
786
1404
264
1521
1803
1986
414
2409
633
456
627
816
1293
3033
786
1473
1317
285
249
606
2175
1020
1029
423
1206
3441
411
708
231
1698
270
1401
3171
228
1197
1665
2550
444
345
1380
1095
1359
2430
1218
828
918
2820
1524
654
1254
615
1626
1530
711
1641
1956
1761
1605
651
1329
711
378
1062
1125
1656
633
699
432
831
1566
1365
1071
1614
2670
1038
2256
1572
276
885
867
1464
843
483
276
540
2004
1143
2745
606
348
1554
2775
591
3477
765
969
1122
426
1593
480
1674
2391
765
1314
432
366
636
261
2742
444
276
612
2091
552
426
1986
594
1182
927
597
720
1746
234
2520
3846
2499
696
2838
309
1581
1596
687
1449
1353
534
1887
1254
1209
486
858
1110
1554
459
4047
981
1419
831
1458
444
567
2313
486
1890
966
726
507
690
1206
1647
1509
237
1014
1569
549
7485
2280
2748
1542
534
171
207
513
1119
618
471
615
1827
1179
258
1020
597
447
1740
1749
2052
2667
642
1107
906
1803
1815
927
1104
1758
1167
1179
1065
1419
996
1218
1350
1203
1008
1353
1149
1068
762
2553
315
1449
807
1521
546
573
561
1089
822
735
1491
1488
2199
783
1878
3423
1512
543
1023
558
678
2040
288
447
2109
1419
2157
3018
828
522
1137
714
417
1749
2697
1725
429
2100
1302
576
2409
1197
522
1803
1731
1485
1527
378
1953
810
543
612
285
4494
1323
1026
2997
771
1047
993
1245
1554
948
1131
1410
948
2211
2616
645
834
696
969
1188
537
2127
501
2964
5079
618
1665
909
876
2313
465
681
2223
2688
1383
3162
573
429
993
159
1149
1149
939
909
1317
273
2817
3804
3732
765
2118
777
909
1278
471
3438
1878
1029
1320
1356
1905
1089
1506
1176
2970
1095
555
1512
1236
1596
1563
711
534
1482
639
1887
1074
1515
1278
3129
2661
1461
1878
954
441
1671
669
2079
1065
2310
657
1212
1764
3837
3585
1329
1410
345
417
3519
3477
2301
2460
591
453
435
234
1092
348
558
1317
1119
522
2457
837
2343
789
579
576
858
1785
372
1803
8520
717
660
282
1047
1449
501
498
1260
990
1080
1059
489
591
2523
528
465
1122
1143
741
1941
921
1128
741
1776
672
780
3507
189
1371
2022
1437
630
234
1242
1119
594
546
2361
204
867
981
1281
1608
1746
2733
1125
1149
1299
2769
645
1242
1701
432
1326
618
915
1587
1113
1488
2337
2736
1755
1395
504
1557
2028
723
4845
1347
261
1782
213
1032
1806
786
1032
1011
543
1221
1308
10356
1527
1014
2658
2082
531
1875
681
3060
624
624
771
1005
1455
1845
3300
486
1065
1455
1950
3126
765
930
1737
972
1317
1350
918
2760
5889
1527
765
210
633
1557
2259
621
1074
1047
2304
1101
573
414
885
558
1086
1527
909
1248
642
2931
1578
2436
690
822
711
849
528
699
468
2538
4062
834
609
615
1122
1311
819
648
1788
294
3681
1215
300
3612
2109
2127
882
1350
5796
774
2823
1812
5244
684
2757
1086
1425
828
927
1026
831
924
3873
1323
879
1827
2229
702
1854
651
777
570
1293
1293
2241
4419
1929
945
879
1245
2688
828
2424
585
942
852
2079
1092
2025
333
918
1191
1506
1080
372
741
1440
2022
1038
735
1713
738
1503
1212
2226
1419
1002
1593
1122
846
417
1626
4260
1290
2088
1674
2190
1491
822
978
1581
1110
696
1602
255
1464
828
552
771
699
1167
1551
744
2016
639
903
1296
924
1134
573
183
864
1200
1272
573
594
1461
2439
3333
324
939
504
978
336
1089
1047
1914
1053
4470
228
864
1509
876
768
573
1605
1086
1155
1746
3255
3204
177
222
405
663
750
1773
315
1401
1047
489
846
597
852
1647
2622
1062
1089
1194
2622
774
435
1392
2781
1854
477
2634
1614
876
693
1455
534
903
4191
2034
786
915
258
975
1734
2934
1176
405
654
447
1164
444
393
678
1194
1587
558
657
1116
1326
1470
915
1137
681
3642
381
690
2652
930
507
1086
243
2511
5292
1083
1185
1479
1608
2556
567
288
630
375
1986
1344
555
1347
2814
1485
2742
1485
624
714
1329
1173
1062
876
543
1011
972
1314
585
528
549
2334
300
816
1317
2580
1452
5154
1575
657
1170
2589
372
2220
1632
1158
585
1689
453
1374
897
726
1644
1611
1281
1125
957
3102
3729
1365
2046
1725
858
1017
1254
1137
1233
1677
1278
1503
507
1470
1323
366
1191
276
3066
1494
1449
1956
609
411
2472
555
627
2487
1860
1002
1128
1386
459
678
3933
942
1068
1308
1467
2970
1599
1086
2160
1248
384
711
990
348
1581
504
1689
2451
1659
3816
1527
1299
1611
843
1239
2742
5229
2820
843
2832
1173
621
2517
1233
1278
1665
1176
996
210
897
789
1431
1251
2046
1494
1287
612
1110
1800
669
792
747
2583
1110
1581
324
471
1134
447
1785
1632
1302
1377
1779
618
1644
1899
1491
2283
1734
1530
1941
372
1632
369
249
462
573
996
1836
1683
243
315
1359
222
780
1053
1044
639
2169
1176
444
546
879
1614
2559
1656
1200
1905
234
2007
1374
663
1329
420
4125
1458
1653
651
804
5304
561
912
366
483
798
576
1239
1071
1002
1959
903
1767
561
2442
576
630
1782
534
1047
969
1317
1584
564
483
1824
915
222
213
438
1032
3924
783
1452
912
1965
1428
1035
2877
840
2055
648
900
543
504
2352
3906
1008
471
2664
2496
2325
222
1353
990
1302
2238
1035
1089
1146
573
1770
3384
777
1461
399
1362
504
1266
1470
543
1422
1419
1938
780
1698
1050
252
939
3306
243
1668
1623
663
570
561
426
2259
387
670
1464
3057
246
1623
1479
231
1353
816
1239
1248
633
612
816
678
1056
270
1140
495
3234
792
4443
1056
2112
417
525
2199
645
540
414
2211
423
1263
699
1824
2244
618
555
363
1554
858
651
2091
1605
1695
6192
543
1206
1146
1638
489
1119
876
714
1389
300
1914
429
1269
1161
717
699
1236
579
1116
1551
243
591
999
888
1017
585
777
792
1302
1023
1452
1152
1080
744
495
1362
990
420
1240
1809
957
426
588
1266
1446
558
489
1149
2487
465
1494
933
924
1455
1545
1275
1392
735
372
3432
387
996
525
1890
369
1605
1506
1581
753
378
183
1560
1245
735
1440
1071
2391
1539
450
315
1206
252
252
3498
639
1395
930
1971
1179
327
597
2634
3567
558
780
1692
1575
876
1485
381
1341
1284
891
864
822
531
1821
894
486
3987
1689
606
1626
1275
2316
360
675
2814
1224
765
1422
948
765
1137
1188
1098
837
693
1512
741
252
1143
1743
312
1629
525
528
1599
3417
582
1200
1107
378
258
642
951
1215
2925
1284
1215
1566
1755
1377
630
1143
1299
735
774
4794
1143
585
1065
1101
1092
1083
1995
1719
591
207
492
2211
3462
3516
2871
1851
1599
2502
981
2547
2559
1740
1332
1986
1890
1092
396
1698
2700
453
4329
924
1164
489
1035
273
288
840
870
1545
807
783
807
3402
1440
2421
2025
978
3123
765
1731
3393
1428
372
804
1005
1791
1269
264
1494
591
2832
993
402
705
1272
195
996
1161
771
285
270
285
273
1419
1515
798
447
270
993
876
858
867
498
1275
933
498
1974
990
999
906
768
990
1020
978
999
1020
528
606
990
1125
3573
318
837
837
807
876
3681
741
291
960
1458
2025
999
1143
465
1278
930
1026
939
2628
1314
1410
990
273
1542
2736
948
1818
3660
1302
1881
327
609
1215
2481
852
2304
2502
1512
1554
411
846
5265
687
1308
2574
780
1203
969
663
1569
5754
1620
3342
1950
4359
1347
996
2949
369
1539
1626
1113
706
948
1698
5439
1431
921
921
6738
684
453
711
627
729
1953
1599
225
2970
1050
2715
1038
1065
1083
453
2337
1041
1173
666
789
375
3357
555
2820
1707
438
888
2793
4353
429
1455
2016
993
315
2397
999
486
999
4452
1128
849
1170
1164
1122
444
837
954
1302
267
1377
2541
2352
528
1476
1335
777
864
2442
2205
1845
2946
1107
1086
2463
1617
684
1620
1239
3303
435
1308
1725
810
612
1227
1650
783
1302
1290
690
948
1581
1704
978
1314
1356
759
1041
1737
2400
954
135
1599
1263
2538
1632
342
372
636
501
654
477
981
1152
2448
1977
300
762
1587
1488
567
627
687
2547
294
216
1074
1380
1377
1116
966
744
1218
303
1323
300
726
1809
333
246
570
858
630
630
3738
663
810
939
1161
735
1650
4809
612
1209
1593
2571
720
639
5763
981
1218
1185
405
882
252
945
654
1332
258
900
3501
789
1032
2286
1647
531
594
2619
978
414
1629
693
5712
402
2208
1110
1041
573
1119
1782
1830
1599
615
1935
714
831
1776
3231
1656
1839
792
1368
762
1404
1632
1086
984
534
843
975
1245
1458
3087
1803
690
474
912
903
1110
1056
1815
1836
1311
1068
1701
678
1023
2181
207
1623
2043
3078
2676
900
1095
936
1443
2571
789
870
1641
1002
1068
804
465
1467
663
2160
258
570
1818
933
1557
2235
1155
1650
1299
1020
1437
756
435
1692
636
1329
627
660
2289
639
1680
774
2154
543
1374
3987
294
858
1107
2115
1020
579
840
264
348
1947
2634
711
363
612
504
3513
1215
489
954
618
1302
2799
975
6930
705
273
255
2523
1608
921
2976
348
657
1146
639
1629
1737
240
1602
1836
2505
591
1983
1599
1233
534
693
2037
348
813
2184
450
1209
354
1740
1188
666
627
495
1002
216
897
1845
1788
903
975
702
1386
1461
1218
1359
897
615
1272
543
708
2784
2409
495
3255
669
444
828
2910
894
636
4053
786
993
2175
981
645
915
870
837
411
1653
1815
1203
1437
660
3618
1431
2415
1410
699
3420
639
2022
831
1254
960
1644
1245
2334
1101
1500
4599
831
954
387
1644
1383
246
3144
1473
624
2064
705
510
792
801
1266
3597
408
432
957
765
612
1491
627
420
792
924
579
504
1017
1911
258
291
1137
606
1110
1041
3246
2316
270
1281
867
1773
501
906
2340
1590
591
414
723
1176
789
882
1779
858
801
729
1281
1071
369
4626
4179
2790
1563
636
1164
867
483
9471
3138
1935
768
1371
954
2811
252
2706
2058
1140
756
471
414
2502
1407
1020
1113
465
1461
1224
225
633
591
1467
4137
2076
1113
1659
1275
666
675
3261
4542
882
579
1605
2013
159
1563
1530
3837
639
1617
957
3702
4239
1572
621
1002
195
324
1164
1134
1386
2874
1464
864
957
1278
864
2952
387
2775
807
1587
1035
1668
711
249
939
1488
4227
921
2529
3147
1176
927
603
702
636
867
1242
537
513
2763
609
2010
1578
285
2187
1164
1194
1308
1419
1515
873
639
915
2610
612
300
948
966
393
591
3021
2151
849
1548
864
381
2259
957
390
873
384
1206
801
417
237
2085
330
1122
1449
1317
1680
1527
831
1386
768
231
231
234
1107
1530
1146
816
1077
1041
558
1452
591
663
708
1494
327
327
465
1230
855
1272
243
954
1938
1953
1893
1938
4512
1233
1635
552
1959
1395
411
960
1599
1917
492
1290
2079
1272
2529
1248
810
1863
1836
2022
993
1029
1251
240
3993
2064
3513
1734
1047
1173
1362
1617
2790
2793
2328
1635
405
1011
2700
966
213
2199
2973
312
1953
1809
906
396
1140
537
1344
993
810
3201
1140
867
3411
2250
927
483
741
942
870
1803
276
225
1953
2427
921
1173
837
2490
1434
909
699
3240
1254
1470
876
3549
1749
840
1161
2115
696
1266
2250
2052
885
501
537
312
477
837
2565
426
1854
663
441
429
963
1674
1005
861
765
750
2025
795
1476
981
1338
1323
429
441
1767
1101
1560
1548
972
1515
1470
2130
552
5331
432
1293
4725
480
567
732
2313
1713
1449
4482
609
747
1500
1056
1974
1260
1452
4380
5151
2232
381
279
600
1665
597
2919
1473
879
4887
1026
789
1323
2319
1230
1782
1323
4017
1812
1398
2853
213
3468
927
2334
1968
1023
1008
384
1230
1602
876
1380
330
1740
237
4386
654
1599
1527
1674
2586
336
1893
1638
447
1308
891
1533
1683
837
1404
2100
3351
927
996
993
1110
1761
2343
3270
831
2124
414
1461
453
1509
1836
735
3060
2052
1410
939
1023
1476
1428
1077
1020
1065
840
597
3033
531
1647
936
1047
2040
2361
450
819
2385
690
3183
861
2385
2847
780
1344
1398
657
1782
3615
888
1005
630
630
1872
1506
1881
1845
2421
1803
687
2151
3339
4545
1830
717
1344
699
1290
1056
807
1617
3918
747
1704
1110
609
996
1872
1473
1905
723
789
1758
3624
1758
669
1251
3408
1683
1713
744
1116
1455
264
885
1488
219
2043
966
567
474
855
339
720
261
495
264
510
1419
1452
2250
1983
768
2220
732
831
1125
522
573
900
558
954
1104
2835
474
2289
855
753
669
1911
384
2955
213
372
546
1032
513
1251
759
2511
3102
1290
717
1086
918
3876
1929
924
2715
1080
1488
1941
1572
1419
579
1077
1296
1293
1260
1524
576
3969
2367
1722
471
888
2307
1170
2187
840
1545
2361
1962
1743
1737
642
1008
2385
771
1101
2460
2445
2331
444
1851
1974
1584
756
1053
1455
963
1068
1515
1515
546
498
1170
636
1431
1113
1491
1254
1698
2658
1455
4347
1449
330
1542
1161
708
759
726
981
972
1053
180
696
1497
3486
1779
939
558
1356
255
906
1101
1131
2670
1968
861
825
2424
1527
1806
1470
768
1572
2316
534
933
2367
1803
1482
2160
291
717
1179
1122
1089
1602
1362
2004
1428
207
2082
1026
210
2325
633
2193
1356
582
2211
987
1365
543
3477
1335
582
1068
4464
294
246
945
1092
1125
10350
270
468
330
963
1575
456
735
1860
264
2247
1338
1773
639
939
1929
2874
1023
996
789
219
2559
1356
582
1242
1029
1230
1083
327
2514
420
1431
1491
2313
2859
777
2694
1317
1140
2007
1503
3426
1686
1512
3918
420
1605
2097
1386
894
672
1500
393
2295
483
4167
2364
804
2511
1197
2874
852
3471
753
498
2505
924
813
924
219
1443
321
2268
1053
261
1605
456
2517
252
2472
219
1299
750
1737
1314
891
219
501
1770
855
462
357
333
897
924
759
846
552
774
942
1548
171
1269
1749
1545
663
852
2793
900
897
1314
450
753
1806
1026
1485
1311
1104
756
597
783
963
1503
1542
1077
2445
2820
6687
2856
1737
462
1533
684
1656
591
1650
3540
510
615
1635
1368
2043
1053
618
1404
1470
423
1065
837
1518
660
714
1095
1596
378
5253
2550
1767
948
825
1830
1794
156
2904
1452
627
924
696
768
369
273
1830
1677
1206
1146
1656
1350
1716
1260
3267
1095
1590
762
441
507
2238
1242
336
2046
2301
462
2787
327
1482
1350
1089
360
219
546
5589
378
741
2964
342
1299
525
1239
1035
207
204
1044
858
1149
327
