924
40
167
163
603
787
313
1922
913
88
439
881
195
93
3830
40
4334
451
16
2775
4206
1237
876
1901
2200
974
300
3325
201
1097
317
57
654
691
2400
416
536
6517
231
959
4624
49
1138
245
3411
584
263
386
20088
7418
2057
661
570
3152
1492
1078
218
458
974
3489
867
963
687
10676
543
534
1732
5573
631
2560
211
258
322
2020
1045
617
216
281
980
420
3681
1679
274
5181
405
633
628
3224
54
2125
1635
1096
612
876
504
1870
99
1416
1576
1241
586
441
480
1644
1015
224
296
2869
1837
1168
731
896
1344
140
1192
306
1124
316
201
1905
402
2326
2286
1870
3522
1077
5217
1071
19
96
620
6015
1087
3266
1324
1099
1936
1303
892
2034
746
1221
173
5534
408
987
1763
279
662
3545
1120
24
2628
384
332
708
1258
265
462
528
933
470
455
1343
526
301
6967
369
585
454
48
1291
704
85
2069
384
899
196
392
266
3205
748
150
659
1657
86
691
523
1402
1406
443
393
556
455
1567
542
1132
297
116
2144
1240
831
988
1529
1489
152
2293
285
3870
649
5769
1001
3348
283
189
626
1506
102
323
406
1245
1952
932
1025
945
649
1526
181
242
293
459
2947
1048
636
1259
400
341
2244
2154
4578
1740
780
212
957
4874
1314
486
973
302
2441
2144
1572
446
2183
498
3722
151
1445
3724
2151
520
333
505
11604
104
921
3806
2476
8556
1870
4556
849
551
4158
909
8468
3989
291
8158
7901
394
666
840
157
392
318
502
502
63
1253
4168
2976
2002
2718
3195
2440
124
6249
1636
1604
1081
1235
611
1377
1101
248
151
47
1925
457
281
376
1249
2985
3286
2155
73
1391
232
1094
2367
1703
206
360
566
606
2382
4222
2587
5272
1552
619
1265
245
838
33
930
1041
1516
593
473
1717
140
1474
288
631
3501
2461
916
317
1522
590
420
119
856
429
586
660
189
271
1881
691
425
815
712
611
1132
878
794
288
398
258
854
17
171
3437
1332
573
350
212
400
476
400
590
490
199
386
259
762
1783
155
1290
404
266
1394
37
423
1910
251
231
7246
2607
558
1580
601
185
171
497
1220
834
4916
589
1754
5895
734
48
414
752
287
1255
836
1275
551
1582
5319
157
2554
759
537
521
310
939
386
942
640
461
356
363
1979
709
99
1108
30
389
1665
1117
573
203
4
226
405
137
1979
78
489
206
463
362
1241
2402
158
190
536
1767
1281
3731
791
1404
605
658
3750
44
623
2265
580
627
826
3871
929
145
1006
107
2275
1473
338
502
779
216
571
312
2029
1265
284
717
1351
287
471
552
2008
4171
137
417
1027
593
358
548
627
145
344
400
136
402
760
2711
507
578
1113
289
1350
2366
107
989
377
5268
355
186
1418
325
1486
2489
2027
4176
4779
2314
193
1773
1464
62
1151
168
171
832
2446
1428
396
235
537
239
142
314
1609
4304
2462
293
653
835
448
1035
1194
600
600
692
514
664
507
224
52
4738
6063
641
820
1452
1173
2540
14
1624
2545
1093
1696
1814
171
702
1004
1569
577
698
1871
462
893
405
402
257
309
151
4829
786
959
580
390
3821
1751
7716
67
622
2420
999
9225
3921
6023
4139
1212
1275
4285
2857
285
508
220
2774
2085
4729
12
80
62
2620
1384
3571
2021
131
2594
388
2718
19
4058
2559
2162
60
573
1032
3583
748
885
2672
3928
152
1541
1187
1322
4265
3250
155
2724
619
757
16
3449
407
852
896
1595
138
1107
3299
6599
529
213
168
1501
391
1025
700
189
779
163
522
818
2645
743
752
5442
1927
3103
134
371
1252
1282
1595
296
207
1260
148
1767
915
574
594
96
3115
856
17
1087
1202
370
30
615
51
351
158
1179
3422
108
591
1105
114
1496
246
962
51
907
3173
1262
476
957
463
110
1128
303
201
92
3365
939
424
330
3822
1870
40
115
149
90
76
130
1431
3136
323
1866
1549
608
686
140
1309
412
497
581
194
253
1229
988
853
1564
1440
828
238
1272
5773
64
162
659
1643
290
159
1286
1731
865
1033
116
484
101
1935
1831
476
212
199
1061
7645
1050
1147
1913
417
467
318
3138
1448
1945
1037
6584
1037
9285
6929
141
1586
256
123
325
476
153
3254
2666
6346
3629
3390
795
1313
3646
17361
177
2584
1294
137
652
222
2326
325
4399
499
43
1059
900
2598
1112
1173
490
421
2141
368
165
992
367
236
20
1246
1300
326
735
1486
289
1661
609
332
943
142
221
959
359
957
974
576
973
1695
1977
2761
1324
1204
919
392
4785
46
2190
2258
5455
5975
7505
1149
569
5254
6765
5380
51
1209
512
6138
4457
306
1223
621
767
1086
800
507
177
495
239
1189
3756
961
281
1477
2309
392
639
2380
1591
3234
1863
752
361
742
320
3230
2387
356
398
1002
784
998
104
642
890
972
1322
1074
2981
8474
1456
8288
1901
1377
1409
657
1033
1469
1285
247
2479
257
718
3329
386
2515
263
2452
938
741
290
928
1736
679
3942
386
3329
452
7630
2475
733
1276
2342
1254
1093
522
1060
1071
653
1520
2279
1294
533
1629
289
159
1333
678
128
2178
414
219
3367
545
808
507
161
1836
6412
1183
5738
42
13603
1149
7338
578
346
779
2090
958
441
1655
1586
1054
365
2093
526
109
289
587
222
907
352
2431
726
1108
12524
2150
3947
200
2098
626
1663
2505
1126
342
905
276
881
246
969
868
399
2365
432
795
701
700
463
407
165
5520
45
766
1912
1543
362
1313
898
424
494
1369
313
3860
712
341
216
1156
583
2289
1721
458
4864
230
248
672
276
1066
8000
3477
287
655
851
2320
1516
420
2951
1011
667
257
1142
1619
243
3321
118
188
2072
1244
1334
3906
2902
803
1333
620
1936
595
309
1289
1057
1085
431
534
196
416
3381
3299
454
886
1722
627
98
497
412
617
322
773
1150
882
1008
1377
4680
2096
3270
1014
241
3831
1871
887
1577
898
43
1145
599
578
3992
810
946
1488
3150
1414
3689
4437
2163
579
1098
664
2129
1061
743
836
3341
80
377
3184
108
1008
739
175
2476
1830
847
1860
551
757
889
805
5707
674
2620
155
1348
1731
4914
2382
2229
1595
1269
1756
1623
994
1007
464
561
3403
1191
2621
872
274
605
6973
1682
2041
1050
2571
7268
7356
761
5628
3846
651
3309
620
3939
174
569
148
239
21607
3546
842
4472
1094
3191
1325
1411
1586
1405
1149
67
8510
606
844
341
4135
8278
277
383
766
355
2509
1678
854
1163
2949
3556
2473
3251
2859
994
827
1038
335
177
6112
1357
644
836
737
406
197
403
1556
22
392
356
339
446
358
1801
191
766
894
151
497
1339
312
1000
107
359
188
455
921
942
1646
1623
1117
985
681
3027
2783
419
894
1080
149
225
881
211
1749
570
600
284
817
1673
202
1012
310
4084
168
2783
1358
1058
60
2013
149
384
254
293
260
575
1178
1948
479
241
229
164
2510
1576
290
435
2045
790
2437
6109
834
342
410
358
1333
961
238
949
1173
117
1321
524
1001
252
634
260
90
525
1355
111
62
1793
282
657
5444
39
132
1888
5697
869
2259
869
2170
559
982
361
334
362
733
807
1142
692
541
1765
1897
1609
242
630
184
497
780
338
422
1824
299
737
488
1391
284
1061
50
490
588
1719
645
1076
294
903
731
80
1242
1502
372
1869
750
420
76
1747
1247
522
752
674
934
217
2698
497
840
271
451
217
446
259
548
627
1021
388
238
870
1914
307
1329
374
1080
3600
3460
336
2110
958
499
1548
617
393
669
235
19746
1163
1566
615
477
1963
399
503
2674
3366
1623
2646
2436
595
4937
3619
1646
320
492
1538
424
897
160
1099
2541
398
1061
351
646
1494
526
276
49
2221
72
1350
1195
1395
274
410
3110
4145
278
13
1795
2628
4732
121
1429
133
340
584
247
2057
630
52
979
5835
868
528
3279
473
513
530
3987
216
844
552
2423
771
1386
959
393
493
12018
1648
1923
3487
1927
4230
377
17
1934
2286
3936
72
294
285
1359
2388
342
434
914
530
235
189
393
1766
884
291
341
904
8172
676
57
1259
513
4006
725
2951
1406
760
552
23
1480
1215
3742
1466
1463
6219
10342
1455
1882
822
4936
90
1602
852
1941
1306
4410
1563
2062
255
7225
5314
9559
270
12211
2958
1249
3
3431
761
2646
1770
1317
1363
618
366
2104
1054
305
1012
1201
1162
1258
435
1153
858
161
286
773
1560
1096
115
644
488
633
478
72
1202
1838
233
990
2033
113
227
1012
676
2552
9313
351
16
1843
1382
2073
3263
1202
309
1263
766
652
703
5363
37
160
560
499
2441
752
5569
1574
1162
3189
386
3312
1980
748
334
1169
1311
386
1216
1375
1304
1172
1466
170
1103
360
891
368
1075
1432
5447
390
2341
902
706
159
193
334
1664
3990
371
1061
2414
2498
6237
2810
851
3007
2251
1496
730
3827
5526
1076
484
771
291
837
81
1284
198
348
626
283
768
396
2519
957
227
747
624
1528
261
201
844
1138
737
556
423
1088
573
67
904
421
177
719
370
1949
121
413
255
126
1442
1480
332
160
515
888
404
252
964
653
25
713
560
279
1231
413
2731
757
522
1479
132
777
1046
744
701
602
587
283
477
664
1189
248
1861
437
3479
1036
467
723
717
1782
843
1486
1089
320
2878
481
1687
275
475
80
407
107
1766
5436
571
43
1924
1082
259
482
148
1465
2788
610
879
533
402
222
2686
255
497
1313
211
578
785
178
73
293
844
1225
104
734
212
1581
355
255
809
1045
347
223
1758
373
70
996
967
1169
3867
130
154
1160
826
905
1234
1494
187
1225
2898
5090
684
1706
4849
2211
466
1195
522
610
805
1218
475
445
2509
371
402
81
429
432
1093
290
2297
5644
3461
10575
557
650
668
138
1551
269
650
723
1355
135
387
434
640
1020
228
9107
1931
41
1446
1412
1916
273
3391
1406
969
1314
3390
509
1998
215
575
488
746
418
1446
196
904
2464
2313
149
1394
562
551
688
2576
625
1331
873
2064
540
125
1369
490
1971
498
870
264
1294
909
187
455
763
718
377
504
187
3904
2019
334
274
751
204
231
201
888
352
308
672
424
511
231
140
3396
2622
365
1679
388
427
861
996
162
1142
2158
156
683
183
1048
2063
322
792
764
349
137
739
370
249
1608
3110
502
2742
27
2215
471
1154
2326
700
672
355
3215
248
22
456
1003
948
998
2717
186
247
3802
728
3783
477
303
7281
150
401
415
245
1616
344
430
2013
1857
747
937
363
189
293
205
575
3031
13072
1273
475
3415
1077
3374
4561
396
2357
2276
620
443
2537
355
763
632
2537
232
685
393
617
1548
499
652
649
718
2935
80
379
4367
480
3447
1985
377
3521
718
652
499
636
617
393
669
232
2537
629
763
355
1691
441
620
2572
719
643
728
1642
1791
2541
2117
2374
265
1626
297
1127
648
150
2712
731
1334
4219
1203
1762
2039
3534
2412
3166
1595
643
1438
1714
1129
1408
287
2076
7966
577
2325
115
808
3199
6199
948
301
1122
1020
2406
1002
642
494
2382
5311
648
718
2934
80
377
5430
2791
200
1000
435
709
796
293
1517
662
4097
1222
249
899
3876
301
1357
888
165
60
614
267
467
283
670
402
5933
14007
833
543
847
1645
1002
1664
632
183
1393
1693
1149
575
5019
447
756
1021
2354
477
632
6718
1878
1938
1409
855
156
2065
2005
7779
5733
640
964
747
143
829
248
690
2251
2493
1303
984
536
98
59
855
184
484
1908
1279
475
558
62
694
849
437
588
438
521
217
2107
723
765
135
648
2607
92
608
247
448
594
2285
239
3541
1820
514
1425
5500
3462
2090
623
1293
491
512
700
2078
5729
2409
1116
3715
532
2728
4798
479
769
1125
2110
871
2682
1631
564
5291
4582
1658
597
2102
882
609
2346
656
276
98
1646
3232
152
1226
352
1175
133
1070
964
571
484
6
2787
445
662
550
1625
339
103
738
626
1526
1275
785
170
299
134
519
4026
2120
93
1179
508
1072
2945
1073
2902
304
1202
951
1650
503
112
1257
2169
214
823
1474
1066
623
1388
429
641
242
1179
758
392
360
1032
1183
819
577
582
954
7083
316
387
168
512
3026
827
1739
2030
284
1739
900
619
1923
651
242
1289
226
864
2152
621
3945
1521
516
154
807
2873
537
470
114
808
460
296
662
386
1951
415
772
255
705
5393
51
1644
1749
223
409
68
223
1705
415
1175
6336
1217
7912
10638
26976
172
517
3609
985
266
7984
5288
1636
261
784
530
977
1879
2172
94
1783
809
1388
520
32
1335
652
952
3729
3616
409
2028
1357
42
421
192
1542
153
4080
3406
542
1122
255
1550
727
1487
2147
3740
10902
692
10178
1051
774
212
566
249
964
4513
354
1723
710
2622
2256
118
190
1032
192
3305
3553
228
1085
406
2599
152
47
1999
358
441
713
429
190
432
715
430
1222
201
1536
231
20
477
106
109
251
1109
547
555
57
787
824
66
121
1168
178
614
682
354
433
149
435
248
654
566
400
402
622
229
203
298
523
3070
156
115
294
386
487
593
990
3405
515
774
6
3351
44
428
2263
2746
639
5085
296
2639
138
1096
784
141
144
1023
292
4054
1401
3661
749
1944
2851
251
3427
858
1182
768
619
525
1050
2349
1751
3613
267
1025
498
2242
864
1785
2337
920
1749
476
568
1937
244
809
594
901
1081
2536
606
291
4812
1031
203
1104
151
2102
2399
3560
106
188
1709
741
303
498
1579
437
381
1965
806
6158
9370
377
80
3345
6
790
647
2142
704
3616
3188
274
101
399
61
2314
1206
3212
6859
386
200
612
495
1597
2771
2597
386
911
578
650
3395
320
70
691
1590
1154
1156
1529
3446
177
710
414
1443
772
1984
1319
457
2217
513
1662
588
429
589
123
644
7466
1876
811
457
1166
1405
1312
454
119
122
1116
1185
2287
1395
3119
2926
334
743
4840
831
222
270
1742
621
824
337
443
677
477
195
1551
7247
389
2226
671
825
618
1205
642
2059
70
2503
75
881
1818
221
2263
755
1070
1058
511
858
942
1752
315
91
434
4144
1245
687
722
394
422
434
819
2561
252
357
1962
1329
90
225
665
406
2512
133
540
227
1122
421
1395
2300
1363
631
636
799
681
959
798
342
430
1009
1342
378
595
330
1112
597
3921
1413
715
775
992
1578
1975
450
1135
1435
3603
1076
692
574
1119
1779
840
3557
2704
652
301
343
658
1264
492
479
461
597
555
1223
838
749
257
1025
1606
1005
712
1128
4188
285
6809
2291
1441
5472
246
665
240
739
465
1571
475
592
722
580
4388
291
1234
488
774
115
671
842
261
640
582
242
971
145
1989
531
1638
629
278
5558
746
512
877
622
276
1125
649
87
894
790
1661
1688
1819
1160
1376
1334
641
642
905
164
110
846
490
3040
2117
534
238
641
1095
759
248
625
225
436
682
279
3444
523
174
602
1351
234
1110
733
644
629
830
450
723
365
157
532
170
188
267
144
791
1275
1444
10296
620
1433
15
1020
58
2303
596
564
118
1373
7995
1198
8051
4071
3400
577
201
243
90
931
1501
417
428
6540
1878
912
130
282
1160
1093
702
1228
666
214
1568
1731
1740
125
728
649
422
1118
615
418
368
219
662
1631
251
597
3000
315
1764
254
263
488
455
719
539
995
504
143
201
1244
118
431
141
1240
1032
896
202
612
443
453
857
164
792
415
2207
218
1011
424
430
301
843
1320
586
21
577
1280
607
553
230
6608
1800
1805
449
921
2648
425
1151
210
121
1172
307
70
350
1195
333
152
437
921
641
207
155
226
254
1622
940
1136
427
432
640
650
924
445
458
470
844
1077
4154
955
2058
417
809
929
954
2270
177
33
155
2506
661
552
335
473
6819
140
4571
305
560
927
237
854
1338
2533
703
499
173
590
307
202
374
248
691
1022
3676
1777
373
1245
473
2716
4078
285
5630
1304
1600
934
500
425
126
1992
2722
15427
676
680
2246
1218
2797
686
3467
901
3530
13012
1983
1012
3092
63
1999
1861
2347
114
170
436
312
280
3677
123
274
300
1140
405
366
99
2194
38
2648
300
1274
1328
622
847
276
677
679
143
3301
584
273
216
867
342
264
2158
3028
522
448
2138
892
188
1584
1216
943
469
1346
1895
4249
2580
3389
1057
1007
7032
1386
3979
222
1376
841
3048
310
1055
3039
393
441
357
5303
480
278
387
475
4084
2087
3021
3985
550
847
1299
165
1049
465
684
732
581
8148
731
1296
462
2000
2172
1673
708
6799
1316
334
102
45
1103
409
2078
2084
477
861
1615
1396
75
625
242
1175
404
736
2832
261
1224
1017
7842
565
16
1080
836
1397
2729
1158
2817
4043
306
1300
688
600
1424
1103
818
295
1832
466
296
456
1263
402
703
1839
568
491
2955
1192
494
1657
1678
369
396
394
1262
497
975
334
776
1886
3825
2618
902
538
310
298
1184
3516
2365
656
2080
564
741
415
1538
1364
2149
878
679
869
211
425
773
180
4230
3941
80
2934
710
1019
4303
797
3830
521
417
1020
894
541
4834
675
521
557
282
2143
408
1762
3629
455
1456
582
40
520
1071
1154
1238
289
600
322
174
935
506
30
621
1529
1130
830
1110
560
3144
4463
2127
8371
3435
3695
1694
422
458
47
3749
2003
12405
9302
3994
715
474
2462
2349
1641
678
664
2880
598
725
1630
28
932
969
1220
556
2780
1367
76
4117
1794
1140
878
4293
1149
733
973
1234
6295
400
726
72
307
2688
703
33
790
752
1099
502
248
1139
697
266
1938
823
1400
1043
1489
1034
5241
509
80
1213
505
1262
743
722
134
247
290
302
3174
704
389
462
2804
139
145
1346
1772
3591
731
875
234
1645
571
226
1078
374
111
35
2143
3661
837
1679
841
1396
916
1060
1134
3027
4216
403
163
265
612
482
1727
707
1240
491
239
505
844
1200
2515
392
2332
1081
739
2300
1023
556
1855
50
446
161
794
3115
215
1029
1512
2470
166
383
636
65
1252
156
358
698
400
1612
1243
512
795
799
59
152
570
210
336
1945
453
191
666
771
249
605
455
373
912
322
1247
553
525
1457
805
274
2676
3557
616
546
297
318
312
1722
457
62
747
558
1113
311
410
621
170
1521
553
2763
1321
224
537
319
1317
16
1009
361
893
698
965
202
879
927
1519
3982
524
1229
61
614
1210
642
386
189
3815
388
446
1300
740
669
1452
425
957
1202
78
3578
578
1183
95
534
652
315
714
93
5230
3139
648
422
841
472
213
1290
492
1496
1967
1963
316
341
675
70
334
254
182
207
181
813
102
465
843
1107
120
1042
846
269
701
1332
3908
1249
1063
3689
1202
1310
560
307
1905
325
235
1746
395
229
410
168
256
259
657
485
1374
562
388
399
1956
3213
2389
382
204
1037
1186
813
855
180
262
484
632
848
1114
1929
297
1452
1400
657
1791
669
1131
403
698
145
819
555
683
1935
2015
4229
236
1274
2758
826
195
69
2103
107
381
110
172
176
543
1450
836
267
378
169
94
199
104
986
756
3264
1344
1924
909
284
1567
80
344
613
721
143
948
163
286
219
335
2022
1848
1952
407
1043
279
1677
378
337
155
700
145
245
1388
2071
436
598
277
3592
221
531
262
312
379
1237
107
352
1848
101
1086
708
463
821
106
354
2987
593
161
551
290
183
1099
236
118
1498
198
2305
1578
1975
820
343
1354
2999
1443
323
554
87
504
421
1893
505
544
1301
551
1535
335
669
669
358
823
1481
1381
57
1944
3413
1023
739
273
1722
584
630
120
1009
228
1245
1421
621
284
101
638
601
1257
139
573
452
519
1164
664
1434
343
289
297
184
807
1218
691
214
473
34
2194
274
643
272
506
202
65
1520
28
386
3375
1062
5166
460
1111
1227
2107
140
986
1146
935
834
989
858
999
32
142
506
3193
1870
1398
2054
684
1366
107
112
169
159
581
312
677
133
859
278
673
1190
582
670
689
447
507
2003
699
18
1084
303
1847
713
461
741
1416
893
206
1157
259
1099
571
1353
1788
1373
1436
540
1101
867
626
1135
97
764
2450
649
943
324
1357
243
1012
1456
810
395
805
438
1594
306
1889
2060
1083
216
487
646
1065
121
3885
630
303
243
134
1992
2763
847
1682
1220
1100
874
1844
139
1703
566
138
173
906
2327
299
596
553
1270
297
229
152
2091
159
885
526
141
499
298
378
57
900
395
1012
1533
404
963
721
1141
1012
991
339
1401
172
876
160
158
923
557
882
4497
674
467
157
1273
164
653
126
2462
1558
369
389
1319
894
744
2775
400
359
322
214
557
186
840
257
2315
669
1857
995
137
335
415
749
288
127
1674
511
833
762
328
194
1054
143
1108
1683
1248
826
1133
406
153
209
140
1483
630
1813
221
1235
509
4184
1057
590
736
62
475
581
487
214
121
436
2786
613
1096
369
404
1112
237
840
1028
1014
1114
544
990
1276
206
30
145
1542
414
218
184
1248
293
713
61
993
1740
1168
1879
111
768
646
3412
1242
1345
1684
299
1280
552
857
99
1724
587
658
1765
463
4932
286
731
3214
271
1398
2080
232
401
4210
371
1500
1470
946
92
842
594
372
904
2002
1607
330
798
209
3118
211
362
933
734
1525
615
1982
413
425
886
370
993
2471
1095
343
1107
1588
255
707
494
1441
912
82
556
132
17
3097
5
209
178
400
677
60
984
720
26
3188
5797
152
148
115
73
1730
214
195
807
440
336
2312
5717
11631
365
7123
1816
4352
8260
9700
1655
6946
319
424
242
1
4027
216
691
1252
189
205
937
862
127
69
1414
52
515
1268
1485
96
2250
561
543
310
903
1700
462
93
797
157
1100
741
3176
192
3311
1983
2766
2325
282
1839
309
356
561
828
253
1347
1712
647
764
500
550
550
1197
78
329
105
2181
483
353
505
570
385
9
200
955
1378
3346
1693
1289
125
140
1709
276
772
194
780
36
643
2766
739
460
427
511
1243
1611
1871
515
1508
926
922
977
510
329
312
805
211
829
279
797
84
241
1148
149
4211
577
882
543
1717
539
1921
876
390
1661
123
1615
695
895
951
41
209
407
965
4781
3669
3091
176
1740
17
652
470
731
2981
1059
637
453
605
1069
634
146
180
795
230
191
1297
688
669
180
132
285
295
657
169
4323
535
1222
1405
1264
230
389
221
632
2041
2108
137
510
1272
119
4084
153
529
624
129
606
167
1062
176
622
691
828
707
1337
2493
2170
519
3119
350
1483
1197
1290
765
365
1221
1989
911
159
384
231
487
2475
153
189
2366
266
986
3280
256
231
151
1202
182
975
2088
1666
1242
867
477
785
343
933
1849
105
401
401
765
550
517
1125
1278
603
79
356
470
326
659
151
2074
909
13
1642
259
104
19
589
459
193
1043
2044
397
124
908
280
861
756
692
4167
1708
388
2172
734
450
679
305
812
518
2000
282
297
959
288
825
933
646
1378
1238
578
1471
844
1022
1502
65
597
255
318
2362
401
4350
749
29
6286
1771
800
230
1058
320
1462
558
904
750
2565
4888
149
323
307
438
313
562
779
276
828
782
1040
194
818
964
312
354
1128
5667
1965
360
332
723
9
401
669
247
211
1033
597
272
100
691
1083
619
515
748
1431
1501
134
5633
187
2479
4433
581
7302
78
850
510
933
622
129
585
903
144
104
458
379
3863
498
806
407
1545
1282
539
220
468
3964
2059
565
753
483
739
326
590
243
171
2178
363
476
434
782
329
446
555
501
377
3804
296
306
600
987
128
355
484
228
841
229
696
1528
148
58
321
1755
175
832
90
618
2164
196
732
1169
636
1992
280
431
188
440
3681
435
360
672
904
8
210
126
207
571
300
1394
189
1736
539
112
2148
238
2597
237
4521
200
75
2217
381
915
345
2799
272
1530
795
1372
1869
1168
773
609
657
369
227
2352
312
874
694
447
360
1029
378
111
688
933
662
7
631
441
115
859
3169
791
665
881
1578
319
58
659
285
1734
719
646
578
346
605
364
481
1356
797
134
901
1798
218
1150
917
128
551
2002
353
310
956
178
917
265
4005
8092
2141
3760
227
399
599
5408
604
2813
15
1051
5013
207
844
222
155
3582
302
657
292
6188
480
538
513
484
856
383
220
2023
493
59
777
613
393
196
1310
216
304
1341
94
175
939
1095
1990
348
551
1501
830
598
595
2587
1361
1747
1314
55
129
1192
7369
983
2870
908
789
560
233
1420
792
1082
2350
980
1411
734
148
500
124
954
6063
661
1318
516
717
564
172
748
50
1126
544
1600
400
661
1734
1259
170
724
114
24
219
816
1424
1373
397
163
611
106
510
181
1294
93
1748
764
2187
282
544
186
552
402
583
24
192
404
365
231
342
573
765
289
580
2938
1624
1077
66
868
294
550
912
331
3009
580
136
58
1047
232
218
346
825
248
129
226
318
398
245
1233
352
2712
2299
897
658
855
1244
4735
519
731
435
1287
12
866
47
790
1904
643
307
736
395
265
496
842
2593
1365
796
803
3060
788
621
427
393
632
460
556
1274
1246
111
272
2087
744
1093
2459
556
1149
2302
3709
2946
1199
1427
647
1516
846
510
2517
374
255
502
1713
587
553
824
695
756
3351
1837
2802
2545
641
12038
2228
920
1449
1021
3328
431
7742
35
1136
889
148
217
6910
314
878
2575
1232
2293
1573
232
150
106
475
240
165
641
1719
3841
1351
12456
808
9235
232
1150
3392
12186
3928
1578
5648
660
1240
3049
10644
1888
12993
685
1915
2251
609
1831
1499
1507
1661
1087
611
943
1802
127
467
978
675
3477
1024
372
2852
691
1590
648
719
2934
80
1442
5030
4958
6994
235
1164
987
372
197
1111
9546
1642
1781
3546
1342
342
769
1678
146
684
2076
1412
1509
1316
1029
1110
853
2625
840
1070
44
1742
874
2087
7678
1218
101
1233
19
658
703
877
4493
2258
6357
4955
978
5521
558
1836
920
364
335
413
365
2655
563
280
339
3197
2986
74
966
2192
1417
1328
461
577
307
2386
2485
156
5601
277
356
698
421
410
5078
1157
369
245
1273
221
787
299
726
193
1985
1467
152
411
1106
788
522
181
757
208
2055
562
948
29
4323
632
403
3035
4632
815
1760
861
586
2453
1566
678
1063
514
376
671
237
510
1152
807
722
70
3044
1605
227
651
6
603
1134
517
149
920
372
818
1150
329
71
1167
3406
375
3913
280
205
990
2530
1704
424
85
2591
1668
26
101
918
605
374
903
754
297
406
411
8478
3392
4211
11991
831
3622
187
5348
2124
171
1189
81
171
360
1577
497
358
27
2662
119
2941
1536
1279
423
718
1057
3047
394
686
3077
1504
572
557
375
159
353
1595
168
251
890
586
508
826
56
522
1446
1096
303
841
642
1084
395
1328
811
671
497
448
191
428
1370
946
667
315
167
316
213
731
1006
259
593
98
208
85
1145
1017
440
134
944
471
2010
2763
438
354
1574
704
531
633
2507
295
219
2534
820
358
1265
1375
664
167
195
303
117
195
624
211
980
3190
72
3562
756
411
155
94
3800
1045
539
2791
993
1898
1730
449
504
1255
1290
1446
531
468
34
1983
605
5666
2509
7176
1662
578
74
12755
183
606
1130
369
569
2015
2140
869
958
448
235
756
602
165
1812
1935
1411
431
596
294
404
1797
701
1072
7449
690
1119
509
628
1088
1050
2378
519
1165
1273
1191
23
1578
4286
567
3121
1502
2111
402
411
257
5998
2003
677
148
744
473
139
3501
3501
1331
3698
716
1412
103
41
171
246
4404
4509
340
82
208
916
574
683
566
1145
3807
431
194
1055
296
138
519
199
1566
130
496
367
665
632
41
829
1761
2110
147
521
289
543
108
650
96
3342
1565
493
390
2125
1984
148
12
1453
1485
1064
677
307
257
217
1411
455
1941
1078
1094
663
545
1189
639
30
2103
4049
1596
339
368
4531
946
3163
4204
4494
525
1030
1724
218
291
1430
2853
772
239
365
708
547
55
1012
1628
96
151
1992
992
529
2606
726
2281
234
2925
2046
462
261
507
427
3498
161
3001
3520
353
566
488
1423
713
625
168
487
938
286
789
465
2157
4616
923
3142
764
330
104
544
548
159
632
2185
595
367
351
2299
412
761
220
126
359
574
1069
3871
767
370
286
1203
3670
796
3272
460
977
159
406
340
234
14862
1208
127
103
1016
186
1106
787
1269
1000
328
254
674
738
950
175
1871
3159
515
439
390
420
934
384
404
1005
711
345
908
472
4061
1102
1384
1949
38
5
454
8086
3475
399
323
2077
587
709
696
110
5578
477
3022
176
1248
1132
291
402
820
594
850
190
2402
1768
2152
1257
333
2706
307
886
6135
2264
30
291
2021
2674
845
2841
246
124
2119
2915
1101
3868
1685
559
244
377
2152
944
5214
1358
2288
535
1662
738
296
942
1607
311
695
185
674
447
429
341
167
1156
897
351
843
315
1697
1679
1628
502
2463
2197
356
4496
77
535
140
693
623
1367
3508
774
360
404
459
2451
594
927
1157
1609
919
667
4116
1576
883
161
634
297
2128
1061
351
692
980
5683
1006
1371
611
310
1383
539
1890
144
168
1208
142
1164
418
586
76
1265
1332
535
1844
2434
6372
1682
669
819
2308
264
427
1349
440
232
815
745
3083
515
2644
729
819
885
1275
649
893
1046
625
891
513
165
1410
3100
409
466
4357
1173
662
458
1000
3732
851
431
824
2456
1030
341
1179
3070
422
1496
466
240
618
1059
861
2069
1130
1219
529
246
607
4579
108
871
629
4733
818
1431
1141
1374
1059
10829
377
80
2934
719
8175
1553
2852
293
1194
1289
890
2102
668
736
338
1084
491
2510
569
1208
334
625
895
813
412
4607
464
5469
278
165
93
958
336
528
438
1017
654
29
374
639
724
330
412
517
246
765
500
70
1580
1345
476
298
299
243
143
355
331
1666
1753
1848
595
499
245
8
3191
2320
646
5780
5161
607
296
504
504
359
520
1425
819
679
752
1534
830
1323
1119
1166
1432
1451
626
6010
2922
515
528
756
2019
1692
718
364
316
389
4724
106
2004
694
648
1156
750
472
5296
357
433
504
1623
120
384
1066
460
343
426
280
88
1648
5206
2401
1362
1186
302
828
349
9343
212
2335
486
235
3588
525
623
297
1233
1124
1309
984
392
434
703
611
233
198
827
463
380
204
2323
512
2304
418
458
1589
1240
1376
1391
845
371
1353
2948
171
712
388
775
1530
154
822
592
197
88
901
150
215
442
74
211
623
223
636
260
538
1323
183
145
287
3022
2064
186
559
341
965
257
157
1160
688
503
388
358
1019
849
388
594
427
1923
66
1511
1069
203
499
312
374
1076
1231
211
14
220
1769
282
1297
352
303
2661
459
425
972
1363
337
1300
2728
129
410
1715
1619
1229
2235
3857
1835
4132
2821
2750
375
24
969
203
1291
257
1084
1689
116
1041
534
371
781
584
1374
82
2059
6354
1342
125
877
952
444
2812
3779
143
196
605
1473
1564
348
463
143
1649
1044
1113
454
754
1766
217
3007
599
2186
45
389
1546
950
3597
1060
464
1037
698
3047
520
573
417
2142
1386
523
2172
320
1910
977
284
245
335
1320
1567
854
1774
470
564
964
526
132
193
447
1787
343
769
568
1297
984
420
255
1985
969
786
320
342
2376
565
689
2499
217
293
1252
4278
3327
820
5278
87
299
1018
523
266
265
1962
112
102
396
638
4518
4642
632
822
1507
196
622
579
3888
643
561
688
1565
1812
223
3975
214
529
186
593
757
384
855
403
572
1459
185
553
1286
636
2082
1403
3157
252
1905
576
449
648
651
98
1153
253
149
363
5163
1680
1694
1059
355
1146
150
1869
184
860
1280
219
21
514
926
330
372
1196
98
507
1729
4310
1728
177
1628
827
1305
2707
3251
2238
1570
879
2965
1163
1335
1252
1762
754
143
800
891
183
18
2377
348
451
2216
449
181
788
359
1151
102
783
171
1509
255
631
681
187
627
584
879
596
828
1245
1189
1597
242
793
107
336
1281
755
2243
955
428
618
393
322
571
121
762
622
662
1779
442
885
1478
1629
1550
287
9
721
856
357
697
706
330
2971
220
187
935
377
193
750
367
1755
508
621
541
217
185
782
287
771
44
546
104
23
8331
859
1697
1514
3670
13531
1284
13857
333
1034
1792
3388
1828
3869
465
483
804
376
1167
593
243
234
310
50
1499
184
181
930
508
1067
1004
456
1085
654
98
940
309
505
867
247
1473
106
905
976
1558
136
466
373
841
574
1789
2389
191
1426
169
661
628
1064
560
840
872
763
536
1305
944
606
2586
3255
510
733
1867
469
1179
1168
3434
3450
469
313
1588
4413
1734
456
3478
303
3074
1404
1314
499
1732
1449
1147
1247
310
895
953
1012
189
674
1801
403
51
1091
1601
671
482
1317
1596
619
1438
2107
2015
4637
623
44
3584
658
604
2058
641
718
2934
80
3874
262
1083
240
1345
3734
2120
764
4625
406
685
2733
1319
1423
148
179
1225
1646
942
961
409
960
893
1621
827
253
803
825
145
1690
777
47
798
420
1079
379
666
574
1950
651
1885
3830
1427
2277
1808
1049
4685
358
451
111
1714
117
880
9
145
610
114
562
456
2054
3383
172
507
461
390
400
474
109
1515
155
2881
1335
36
565
4040
972
929
205
301
256
406
351
3072
1525
575
860
1652
82
1437
1315
427
734
323
158
914
271
690
3199
1054
874
2076
3215
552
1036
39
1837
129
485
444
2471
1064
1899
746
4418
1218
309
5269
2346
1332
766
547
1190
1152
132
22
2852
913
427
127
149
2531
412
706
735
527
638
2308
3635
2303
2615
1873
469
3792
3062
270
581
771
330
1557
833
4036
2026
3571
1757
4699
610
719
2590
436
1563
446
2374
513
4052
654
4176
1844
616
3889
599
889
2138
537
212
1616
739
1611
764
251
462
430
4080
3232
346
1368
15899
561
2918
2143
649
761
571
4545
1583
5994
666
1143
5184
796
637
1138
767
1037
601
763
533
779
1442
1215
644
1877
447
743
3084
750
845
908
60
314
761
275
516
746
637
796
2491
762
337
1890
2445
259
267
1236
375
308
936
1804
383
403
10640
3099
555
4794
463
29
4334
1935
4117
196
1587
4343
4663
298
350
1984
3032
10833
435
1482
2277
449
4268
1338
1057
110
315
7811
1237
7176
5212
5947
3233
8399
3983
177
512
744
1553
774
224
191
4698
224
297
798
566
246
615
1540
2557
1152
1708
3081
4075
341
3021
1214
507
366
958
449
445
299
354
1400
407
407
421
878
1508
510
514
3361
38
3020
38
214
207
660
1596
270
1417
1776
1677
165
2204
613
605
822
953
4439
27
2787
2615
2117
1369
7420
843
740
744
4134
1243
1810
554
2919
6508
809
2374
2233
4560
2045
1001
455
856
3262
420
1145
165
1808
855
1803
2767
5268
3383
296
543
1117
970
124
773
198
288
662
525
834
409
221
2799
741
1594
717
4090
984
84
828
1460
5650
242
1641
525
222
636
146
840
1623
155
359
1714
520
334
1147
711
1219
443
2049
549
801
803
290
600
635
599
24
3625
803
749
327
976
366
661
509
447
608
797
1253
398
1216
240
545
462
823
537
411
174
195
8
531
1361
13230
201
391
684
554
395
118
1326
40
357
168
1195
398
426
492
542
192
335
789
911
703
977
38
1300
718
1480
96
252
390
162
255
3066
674
1126
72
681
199
231
1837
142
1464
375
2506
197
890
552
131
457
741
2908
30
398
376
237
1076
447
172
2655
135
644
168
1016
5594
1734
478
592
614
1252
1208
999
895
1038
4738
1620
100
2184
404
350
715
114
4990
1160
209
3347
2021
1739
68
145
2126
6379
1056
12115
31
797
354
2080
10649
62
2095
662
9224
178
1313
368
1849
342
240
144
326
1068
272
2062
7171
560
5269
149
2832
880
538
346
207
72
373
218
168
971
313
495
585
1622
994
333
266
391
224
510
643
565
389
419
1072
687
953
878
833
364
846
2264
948
105
236
331
389
685
2187
6268
789
1296
354
210
2133
30
501
541
2439
945
519
2725
958
448
2967
185
1919
559
724
952
73
5478
1683
993
4598
1113
399
758
327
558
548
260
298
12784
100
190
2139
169
275
1422
340
404
1125
1103
500
539
1276
831
162
289
201
1716
79
193
1868
60
478
468
2521
355
2579
681
197
1452
1506
268
176
190
674
545
675
343
707
4469
157
1553
911
595
246
288
959
784
757
908
233
931
86
376
72
215
707
474
1749
323
1674
303
455
1160
963
99
181
399
320
328
103
144
484
620
587
391
198
373
403
961
392
201
1270
464
272
2657
1640
1259
84
498
847
1455
285
112
82
225
492
186
347
491
208
223
1168
1289
365
344
115
211
45
1129
224
688
1121
386
407
83
527
410
370
1398
586
384
121
687
1989
786
175
789
77
233
2877
173
757
1253
123
150
546
746
1804
385
233
269
145
179
686
821
632
120
402
287
876
318
477
393
246
955
472
485
205
273
307
457
874
770
265
2616
343
1365
678
371
11489
1434
352
2094
642
791
33
8620
822
497
1794
247
296
392
864
1815
1556
272
605
842
3519
647
718
2854
80
3054
3957
7893
3803
22849
3002
3040
923
407
1814
4198
80
2524
643
1634
4229
200
542
389
175
171
387
323
3631
2832
1059
242
302
688
187
269
567
148
661
1509
733
120
135
680
223
438
368
1218
298
387
155
516
719
933
3506
876
4840
2690
3092
349
1586
839
581
1382
590
50
1122
636
117
442
808
986
324
2333
461
287
747
1039
694
1738
146
625
1248
1742
118
416
616
811
701
10046
156
1192
635
1405
447
384
220
1012
809
1853
2723
1006
38
597
533
1156
2340
1466
3793
751
376
1334
830
620
206
750
1570
29
238
1374
8684
368
613
767
445
2504
211
1209
590
495
1084
81
453
610
852
651
1993
118
463
58
452
803
292
687
307
82
492
448
4874
489
2319
3325
422
1446
2373
1283
1447
364
441
742
768
421
181
101
584
2019
3188
1578
1690
1387
1109
1569
318
366
360
1130
187
2030
445
131
107
2193
538
2472
118
528
3782
2785
580
767
486
736
139
200
281
2784
598
511
610
252
798
310
690
264
1395
782
900
2322
232
270
1290
357
1654
2407
1038
1161
1521
373
311
269
215
152
3517
286
260
1124
938
365
4828
4370
2511
187
936
756
389
213
293
462
786
1350
1125
626
25
194
805
398
425
525
2583
56
710
138
223
369
88
597
714
490
2044
321
485
1179
200
721
693
101
244
345
1138
1624
380
1555
1446
835
349
1702
2719
1594
140
573
379
272
1661
897
3539
1688
327
553
482
900
446
914
161
845
721
146
432
156
526
1541
338
521
282
689
1797
408
192
948
346
1112
428
463
1005
695
103
4297
3376
44
16
46
2921
218
711
796
452
160
448
521
652
1449
1565
1232
13892
333
1777
309
2501
2627
2699
842
630
1141
590
403
260
495
301
250
655
254
2043
140
251
1135
403
549
690
1394
3876
208
221
346
3768
280
827
921
746
1514
858
614
690
239
1061
1039
21
3312
1807
634
479
170
2891
2672
969
515
2902
2116
1315
1504
2769
1125
2952
2991
937
181
584
664
589
3706
451
455
22
325
478
6390
375
232
473
4075
1818
1018
2236
885
366
201
4748
387
857
686
889
585
1338
301
896
1318
830
157
6744
567
486
3364
619
1666
108
6878
2704
435
1244
4503
1655
3386
11646
5244
4139
2262
693
322
2671
431
290
163
1427
1292
328
69
124
1939
835
687
406
1034
952
306
387
287
146
491
62
325
1427
762
771
1690
70
983
944
455
1714
2353
413
1016
631
203
2242
574
1057
559
498
6424
2091
2943
719
649
4294
465
998
9
4602
306
407
4182
665
983
457
3196
465
622
2802
719
470
632
6174
7354
1757
1952
1585
1869
1428
1001
2957
1486
2450
1504
1757
1589
489
2238
1510
1349
384
4998
215
856
2286
566
979
60
1057
347
1450
103
2295
1042
717
1783
989
3442
813
470
124
4191
1324
260
1457
160
341
7298
761
2005
421
1887
8016
1066
1594
993
1725
1940
3449
324
10940
4184
336
213
2789
761
4851
690
1902
5448
792
9333
3800
2178
1939
2915
4637
6919
3406
12525
1286
9184
7897
7734
1880
3352
1009
515
155
1378
770
1667
3028
5302
1574
4318
2272
4625
893
3668
3890
4977
1775
1847
9935
5682
9394
1814
748
3508
452
1096
2305
2873
440
1185
16
606
2683
264
1047
807
447
2135
3815
3396
598
204
1693
1256
1705
1118
251
1295
1111
3476
399
3573
336
307
623
527
273
197
244
606
4495
1429
1587
556
1402
2567
634
1480
1508
3230
603
1241
38
2354
765
1738
528
3274
6599
2573
404
1592
2173
1297
3884
208
590
769
1883
917
448
476
4773
197
8631
259
681
647
2357
6116
443
476
1018
4530
505
425
279
869
584
1002
728
647
3027
458
34
406
648
666
599
1598
6445
2048
1183
845
2063
863
923
480
396
256
713
821
2090
572
1641
780
349
676
1519
109
216
286
350
337
1287
288
1506
1159
351
1677
322
246
112
3092
448
643
369
378
330
7
1951
82
259
300
675
1503
217
604
209
1809
1265
542
2745
252
175
3051
959
866
2157
321
497
2197
3543
1220
3213
333
2700
766
795
1414
884
3082
1815
1484
3107
5987
1390
1877
576
920
1946
1006
2380
273
1769
884
2498
2150
2555
1376
2077
1965
1363
621
4944
713
5175
1206
293
892
2012
784
706
638
667
1740
563
498
1112
448
635
638
737
468
180
823
1816
2303
1798
125
294
3953
702
2876
384
384
779
1456
596
193
999
27
852
848
1557
581
969
1426
1534
3179
1489
1802
68
155
1545
216
1802
1321
154
375
402
229
1435
1814
762
854
128
890
399
657
1617
370
1012
1405
528
365
464
1382
1557
514
247
628
161
128
580
378
519
924
1116
145
962
375
323
209
4
589
242
114
10875
254
3904
4156
4941
2233
1191
2762
3283
3149
10923
2136
4117
11813
1908
1270
1324
442
437
774
1169
508
368
4216
633
344
228
212
85
925
1994
229
462
621
511
702
4778
38
2367
210
237
2153
410
685
2973
425
139
620
399
4685
11424
200
917
1076
1425
431
618
167
150
199
206
744
1274
302
614
368
272
495
1857
6476
1253
735
249
681
338
20
659
172
1423
5178
8476
1240
594
2252
520
2952
2908
512
1138
3306
5118
3840
1014
1018
1480
232
401
1285
718
386
161
2318
579
562
164
483
1845
193
3248
1034
210
2200
4701
292
360
394
465
1898
2297
1125
703
4057
1102
2954
120
1063
1503
305
217
641
480
632
891
627
237
1314
321
594
59
308
3078
614
859
335
485
626
1314
1796
861
243
402
437
485
130
7419
618
354
474
325
574
1382
659
1979
569
850
816
256
607
1092
370
140
1035
2900
465
94
605
133
653
282
364
418
759
486
1047
970
372
2221
140
2090
1522
386
36
354
1420
642
1203
242
1651
1249
81
447
1493
591
489
654
4479
234
444
454
1471
633
1078
1108
70
728
495
871
39
148
427
170
766
106
262
1101
49
5425
434
985
199
1307
390
790
345
175
1340
82
170
146
391
985
1729
2354
898
1711
198
2018
721
798
3513
718
1011
668
305
776
11
2041
1210
312
626
422
617
160
1339
177
293
604
713
321
172
1232
1915
903
969
541
6687
645
717
665
284
115
2842
1273
596
1427
1822
1864
471
174
273
963
119
605
789
48
206
3124
2877
296
473
1592
1977
613
330
1425
1472
725
340
1816
1787
239
352
1034
2107
564
22
3386
563
473
438
453
397
617
757
228
361
1126
256
2502
66
5650
420
132
3544
776
3891
1466
661
1175
427
559
4402
274
556
2412
424
395
760
1220
81
93
133
87
388
93
336
289
297
117
202
1010
275
1889
235
908
162
589
1190
1571
474
13504
6081
718
612
355
272
540
327
1568
219
62
435
207
596
434
173
327
197
377
113
886
485
599
831
3472
391
324
422
131
2999
66
165
163
3805
492
131
564
435
125
1061
591
669
258
1114
95
367
306
2381
256
433
151
179
170
3131
14
364
321
782
524
465
1695
172
1492
314
361
1235
517
231
818
624
756
417
292
24
580
251
772
44
315
2151
1635
2214
232
1231
92
16
1159
730
1558
3362
813
59
3210
4713
50
502
1371
965
654
3080
206
220
3392
1197
734
346
528
660
410
279
174
477
476
1987
1110
788
870
785
1373
857
565
111
560
402
733
2638
1550
423
260
2454
231
233
28
1246
969
409
1322
92
222
895
597
286
249
407
505
1210
340
65
1585
225
161
447
545
276
294
1960
611
959
1888
968
802
486
2660
1122
4673
3489
608
516
1374
1192
90
547
519
2584
1695
365
16
2584
77
3674
90
132
2112
1007
571
441
6220
3354
134
1126
302
411
915
73
1464
226
452
626
669
93
533
3075
412
712
548
461
486
222
1073
1092
1775
500
3886
1631
283
3390
98
907
159
375
486
260
809
544
419
946
3183
7736
5264
183
885
225
399
1557
832
2673
389
560
12
1968
524
482
705
3803
410
857
1936
52
932
345
1286
201
2754
433
69
895
1383
678
711
726
450
335
2617
375
531
488
623
193
220
63
1006
169
547
445
194
27
861
298
381
221
1605
111
156
623
680
493
1056
1285
375
136
173
3466
617
1038
622
309
587
898
1401
868
2257
577
504
1253
284
252
772
1048
307
220
370
1037
294
1112
114
2760
262
953
358
722
1473
4328
210
372
755
645
1042
1435
856
494
1427
337
5251
2431
2695
462
410
1021
82
155
516
784
2159
1973
546
3958
792
2191
4135
2414
649
85
2984
2521
2944
3215
884
621
788
830
4584
1583
774
3659
923
371
407
1813
457
2380
418
512
774
33
350
2805
92
3784
618
1768
499
1172
899
285
807
371
282
320
978
530
2506
320
32
311
1618
442
1345
882
492
1019
277
2660
1476
1808
789
424
250
222
1921
1718
1923
1333
275
482
141
805
732
2288
339
982
1632
224
2433
1139
876
1715
4556
1360
585
6232
1470
1090
489
1784
2567
3256
9820
426
1205
3409
1266
1464
565
222
1598
292
293
2104
91
2113
905
2832
206
429
331
2529
108
564
506
326
214
518
4020
401
1610
23
568
858
939
209
374
604
740
124
1122
2108
5774
1132
265
1506
116
5941
3439
3529
2439
217
75
432
123
300
1422
579
1734
290
784
1845
819
983
1899
450
722
3562
491
365
47
1032
254
803
180
1319
721
1294
3366
2250
1084
345
698
1673
13
555
413
1072
970
1112
762
1070
1330
2041
471
34
3247
1319
1308
341
1144
445
340
792
1260
2533
191
732
5027
551
2823
1006
211
72
900
338
987
874
1279
2032
762
860
367
1329
344
2340
642
790
164
992
2033
353
2023
321
742
420
539
339
877
573
349
90
686
719
725
17
282
2765
138
4229
219
1062
2472
275
1133
267
4338
2560
5826
267
1433
1174
184
2283
999
492
369
3772
318
598
2190
1743
323
2370
363
846
865
445
586
1090
564
286
661
297
847
128
83
680
338
18
4075
2555
829
291
3966
255
389
341
923
4405
553
839
920
2544
142
97
181
236
2867
1963
2005
1282
717
2515
371
558
2180
690
2987
883
177
1341
3389
316
309
192
259
1716
954
746
1955
8
1246
444
4530
812
972
424
797
436
390
407
446
1209
277
1222
787
151
2000
237
1589
1347
94
536
86
4089
577
1352
255
1444
350
323
386
161
5493
741
102
154
1821
680
903
936
385
1001
436
265
937
242
227
287
455
1125
1156
2717
1136
7253
1015
107
218
163
2003
116
218
448
256
1335
824
159
4270
177
325
234
1241
750
370
78
162
179
1532
539
124
129
511
785
145
903
495
119
798
804
827
1162
1873
184
588
346
1172
175
16
261
492
666
86
2113
1142
267
189
449
420
2521
886
561
3141
897
694
707
1494
182
206
524
903
201
2025
295
1414
1302
563
609
2118
1222
612
1256
1495
735
111
133
97
182
173
107
216
318
717
208
1177
399
274
636
489
400
261
347
830
3545
1521
599
167
68
216
279
629
182
354
437
2127
191
543
474
125
683
315
71
642
2054
1749
236
541
1082
573
316
148
261
779
306
421
1885
464
775
360
223
299
774
204
291
436
1936
569
668
1032
899
96
721
470
475
794
651
217
515
1018
747
218
2232
125
2176
116
1784
4467
757
261
502
257
460
140
160
2203
313
665
3022
400
1418
92
155
28
184
2510
618
398
4093
3190
409
56
3620
405
147
1131
490
130
382
680
237
77
90
654
428
446
400
4180
159
2038
395
22
361
149
171
810
563
209
120
833
147
116
253
770
213
365
239
1387
300
272
689
634
903
138
279
565
1701
2666
419
314
430
259
1140
541
124
244
148
149
20
1138
2584
360
1395
684
435
503
208
730
349
310
1835
1019
179
119
612
564
581
925
1232
1545
1194
67
1244
2226
1852
53
511
149
114
402
359
428
794
236
153
782
5200
1116
301
1276
189
1789
163
147
137
164
78
670
256
1691
866
146
141
1459
846
529
615
798
498
323
220
610
428
49
595
62
170
783
202
1133
777
1813
2660
426
365
397
1330
173
152
628
665
910
374
923
171
437
829
325
414
495
27
1107
577
368
185
208
287
412
270
3247
1064
330
1431
923
823
1730
808
408
71
147
251
277
395
1267
62
765
2153
585
561
523
2762
1554
522
483
1286
1497
1081
36
170
1833
151
443
146
1214
470
182
115
886
2197
441
164
470
12
409
4382
574
360
197
106
1651
1533
210
734
2360
598
637
245
132
1219
408
41
510
1880
233
1230
193
2354
220
1253
711
286
559
380
221
65
540
25
469
174
249
177
866
582
83
4728
3058
3368
435
15703
2982
3221
72
2575
639
1647
3812
1024
1870
684
3178
392
391
2288
193
1488
155
72
500
1038
641
140
106
1796
643
513
6085
1056
799
6596
196
103
910
2236
510
265
244
660
918
670
579
173
180
82
339
842
194
643
886
26
547
294
136
262
859
360
2814
2167
131
132
372
420
232
491
603
960
1199
334
376
345
396
1418
1147
33
172
419
195
708
348
3419
596
220
1237
148
515
442
624
264
682
255
1137
435
248
124
368
249
135
731
315
814
5839
325
1189
776
753
518
1283
2100
953
1924
4755
1069
494
2711
316
276
3201
1293
1053
784
333
474
1477
43
212
310
535
806
1252
390
614
933
1073
509
1502
609
172
893
154
361
143
43
780
242
221
177
285
422
1877
342
160
192
88
1136
3283
2137
941
378
135
650
217
420
228
272
69
124
646
193
360
675
2294
370
46
404
323
153
408
123
131
432
969
1582
1574
509
1736
6482
2171
290
3759
495
131
1955
161
177
115
45
111
266
2471
175
207
2468
1647
1090
467
907
54
219
335
471
189
205
810
1560
250
19
3697
30
636
1675
3481
383
1028
344
1670
711
760
454
250
620
288
229
138
745
950
133
755
496
293
371
130
402
726
282
845
322
109
261
1225
1553
1776
239
558
467
603
778
322
263
949
739
1348
1430
1824
1943
459
111
190
732
1147
176
76
434
381
775
608
341
743
275
622
736
236
424
171
174
78
713
510
410
1042
178
382
165
341
281
1118
676
3
251
717
722
168
197
270
594
215
632
356
3949
824
681
290
220
2442
1061
205
194
942
223
176
854
2259
1237
184
574
166
123
483
657
285
349
1211
403
156
634
4586
704
3144
216
123
2995
296
261
2046
673
204
1142
281
1636
2170
217
105
503
220
419
42
250
112
1900
205
917
1219
443
812
432
83
1587
242
738
48
503
147
331
238
131
418
2093
158
466
268
799
607
266
115
1494
165
2321
3270
970
54
199
876
231
339
778
390
390
947
798
602
186
204
295
97
953
1149
314
1490
436
930
611
990
166
320
1026
592
291
1085
653
51
378
1854
696
1338
4805
3307
155
1155
1084
372
686
324
1688
757
712
2387
137
135
5228
1261
5204
406
1679
860
255
18
561
623
2503
2144
169
1901
1597
152
2610
170
131
158
356
1313
1395
1293
227
163
4152
841
1940
64
718
288
748
295
1739
80
862
758
152
130
1015
338
475
2077
551
473
962
1445
240
307
321
112
432
1332
927
421
1251
304
2218
317
128
224
280
330
1
578
686
1280
677
1238
251
2648
95
397
114
1217
845
135
918
1594
2087
695
889
153
325
584
459
107
817
229
462
216
911
364
1266
46
865
325
477
3864
731
628
88
260
477
148
1779
508
404
355
4168
256
502
252
399
4560
1390
747
3838
841
423
4
225
318
877
98
1144
467
2731
565
253
260
330
1286
3816
181
363
89
1561
1825
234
132
509
1845
179
98
553
698
2340
1155
671
742
1476
508
431
1101
146
932
784
518
2261
1005
947
1114
668
36
293
349
144
497
4016
2648
454
1010
866
723
449
2159
2272
1282
568
373
1215
558
537
687
2285
184
557
1123
257
3272
188
513
147
1209
72
463
115
782
966
580
1558
2114
899
478
4395
2436
643
717
1413
1105
491
63
826
498
206
898
146
1591
337
96
1586
787
141
943
1270
1553
2547
1298
3459
639
3366
3305
3727
1641
138
1447
34
766
180
349
1013
1313
2404
566
419
2993
1188
949
264
315
369
814
775
1168
1080
1117
104
881
5498
66
429
2204
658
1561
577
3443
924
188
208
1485
2088
249
529
1686
753
281
450
558
113
1350
503
3619
663
313
666
188
676
697
246
579
222
1369
791
252
959
1911
339
3207
273
1966
223
686
1713
445
3051
678
820
619
1465
142
595
635
889
439
1116
548
6979
3979
343
2388
445
699
1152
1536
1758
1719
1435
147
1662
2506
250
1920
251
696
1098
611
1159
4568
168
297
193
512
716
951
765
1
131
1105
1393
190
1099
1810
410
1624
931
208
594
323
2015
258
341
3170
395
2287
392
246
787
616
4069
44
3750
658
606
1125
3020
336
750
355
56
432
554
673
686
2275
363
764
1019
833
402
637
475
2658
609
629
739
218
1297
256
478
546
1018
375
576
283
1573
1166
511
658
574
700
597
1124
1033
2634
552
772
829
332
1744
452
4906
1277
150
17
3458
3201
811
8518
2190
4851
1523
2173
143
2748
143
224
247
518
134
201
1119
1609
4604
48
620
1754
838
818
2753
1752
2041
1477
281
1842
2451
39
1700
1183
242
869
161
507
808
1582
5519
537
1900
952
654
354
677
14
1072
72
94
179
1024
832
2101
924
3313
433
375
344
1089
192
2717
1180
330
349
386
61
556
195
826
278
2040
1163
3330
1107
557
477
167
3559
2479
837
2271
528
1544
518
8
1013
267
361
1249
258
3645
501
914
1977
1376
921
464
335
988
292
231
3734
1378
323
908
1060
1596
108
1757
859
1056
1025
4668
1140
3308
1296
990
454
2002
2251
4024
79
3140
811
887
1662
1096
2775
2176
849
770
1332
249
100
620
759
514
2391
45
57
1450
106
487
419
831
329
198
717
234
450
174
166
770
213
3280
716
1744
1168
297
162
228
881
600
229
458
188
1908
5114
136
294
675
728
511
319
2280
719
1699
634
2432
1952
1823
4251
2442
853
401
555
147
314
505
320
3233
286
956
443
740
628
3713
1513
204
663
614
179
684
135
135
277
290
193
155
723
792
421
230
1584
1975
253
1792
187
299
148
4104
3937
996
260
2331
132
236
6113
1670
427
539
769
1550
344
2023
1567
566
2547
531
722
170
649
1660
325
869
1789
133
877
3427
374
302
273
76
468
448
371
475
636
20
1247
461
526
2129
233
1532
2963
868
224
158
481
1053
3192
1515
306
149
2256
1960
1841
1730
682
1297
459
2199
360
320
2238
1799
2197
147
1646
844
2650
403
199
389
462
2094
543
681
523
1565
121
240
3648
223
624
2501
846
2780
509
731
277
169
975
756
137
304
1845
4625
156
499
442
232
243
261
181
208
507
1639
1605
381
461
656
499
559
433
1292
32
119
105
593
489
87
102
110
1294
408
26
125
155
392
233
970
258
5695
3519
1276
1839
244
112
259
88
553
362
484
67
355
407
579
2
955
1330
673
227
885
696
668
1509
235
143
557
307
140
8
155
185
532
138
249
2019
693
432
598
269
217
358
405
850
499
188
367
243
296
403
513
220
173
417
607
2
207
280
738
1269
2418
3011
144
517
800
262
257
191
212
642
1040
406
200
697
919
305
250
395
1859
712
595
1559
394
326
408
533
2507
194
244
979
854
516
111
133
157
512
486
145
264
821
1226
123
23
149
307
968
392
338
1318
235
3583
319
110
199
2152
208
808
196
2947
179
247
401
1134
12
847
405
390
928
933
191
359
515
374
461
400
205
683
702
144
1431
122
261
264
10723
3703
525
1640
458
1399
534
492
1873
145
374
545
296
891
262
2293
209
2004
664
966
2099
3745
661
47
384
294
431
811
2055
523
807
1028
1354
370
2525
1766
431
3047
1218
2118
845
2107
516
879
1021
408
182
2253
2047
973
584
898
392
400
1314
75
744
1319
213
1647
231
314
1466
180
1630
562
1477
681
758
289
66
1698
172
791
586
138
564
45
1064
930
308
660
35
745
366
272
40
246
359
404
769
235
271
311
139
589
316
2512
1073
352
3869
478
1127
1999
167
1097
135
656
722
458
362
82
247
428
465
373
1590
322
214
194
144
299
506
462
273
122
337
236
229
246
2136
230
120
172
346
551
154
375
1445
1571
1044
382
249
354
255
382
536
93
993
167
1266
510
683
3598
281
2320
4837
495
3828
568
374
5
167
121
186
165
265
489
405
966
980
581
347
2774
136
775
1963
5023
2726
108
2894
382
5744
718
2930
98
377
1323
2790
371
795
158
252
180
506
506
114
170
3260
1409
169
784
1377
1284
450
205
287
280
313
395
494
696
1608
220
284
202
1164
580
2497
1648
368
228
578
501
25
318
1702
625
1084
783
757
573
456
665
352
124
1788
201
2517
167
3524
207
130
201
248
622
590
161
471
105
423
1314
18
1160
129
101
401
852
1129
940
143
229
167
89
483
90
615
318
1961
752
759
494
262
173
956
278
226
977
2937
456
1421
474
918
468
125
358
1040
225
373
356
314
624
65
626
2
270
623
1172
617
521
1728
2556
3768
436
1974
733
398
1057
669
777
359
377
227
744
206
2899
85
263
689
339
672
659
374
660
2593
115
323
257
259
360
222
194
596
317
1106
623
514
250
403
489
196
453
99
1450
125
350
4269
846
1002
220
130
239
926
1540
1951
586
1100
140
417
19
435
218
246
794
488
674
576
580
3588
789
92
951
1269
343
1643
294
581
176
397
2433
514
240
25
75
208
335
850
380
352
414
1360
114
392
144
563
96
568
7192
6046
606
419
318
147
328
3712
3976
331
244
30
155
111
3081
440
229
179
1487
875
659
107
1096
920
190
153
697
365
387
447
386
731
679
351
682
507
541
4873
302
105
201
677
228
262
367
125
147
985
1803
672
821
654
1780
444
468
253
408
401
135
482
205
539
679
18
224
720
492
157
813
536
210
598
191
117
345
575
41
441
368
594
206
1611
170
872
195
1380
782
1923
642
94
4454
77
548
2772
27
2090
437
558
84
1584
1071
714
97
321
125
1918
836
538
312
379
1256
410
2557
1204
445
1017
1667
122
377
371
430
1213
1263
2656
835
51
1252
239
1856
299
1701
207
86
147
113
244
101
337
289
385
2446
149
303
2044
112
823
543
1002
1303
285
573
1290
866
538
362
226
42
90
548
372
411
421
548
2226
2302
292
1020
1051
57
221
1154
152
190
307
348
2515
194
644
967
1301
153
954
535
646
1703
269
263
263
278
222
324
191
2931
507
350
667
282
372
377
377
1253
485
1153
200
1079
113
189
923
410
5580
250
792
1654
1000
847
1416
1151
1680
525
2134
149
125
513
819
598
3445
492
1917
68
227
1718
375
24
398
725
1112
267
597
209
263
417
670
434
1010
2091
1591
262
131
259
28
243
1665
67
715
328
3516
53
1055
235
714
674
991
21
781
307
1640
1101
1730
401
1172
1312
423
592
494
6578
1923
691
207
122
395
623
1523
6605
190
631
2785
402
94
287
3545
247
349
305
2450
427
831
664
545
122
861
227
2557
746
2372
559
234
1880
839
656
207
166
5670
377
899
10
1893
1601
310
460
2321
435
738
724
1495
272
297
844
325
183
515
1405
682
8
1756
645
238
156
298
645
4
239
129
3046
249
5812
438
222
908
697
67
434
44
854
2693
781
72
614
254
641
68
1087
910
53
807
830
268
755
224
376
266
810
2781
787
119
219
1061
329
662
45
1081
162
3366
268
344
2017
69
161
442
328
542
3243
5534
259
536
799
182
463
268
360
275
236
259
143
421
810
530
966
2079
688
1919
2435
527
791
1076
504
415
263
1050
632
496
1491
152
387
2942
758
806
512
2944
758
652
1077
3139
2330
257
271
9
616
424
914
499
98
419
1919
407
6057
438
456
203
111
3661
427
379
399
580
975
1205
364
156
1063
1773
411
337
339
771
263
781
940
473
918
469
676
5354
85
2241
304
415
561
463
2535
2494
613
30
56
3328
534
376
1002
1560
358
980
407
165
192
1556
381
5253
1521
1502
312
389
479
965
1857
196
861
721
505
3432
277
88
2114
3269
720
154
969
3105
324
1051
1512
536
1375
1501
196
288
1280
559
2969
312
2266
893
344
222
1477
283
685
910
86
509
2443
494
1477
1613
1056
207
1326
2155
164
595
920
413
862
282
165
1905
938
1420
1909
475
480
516
4574
857
357
108
945
1890
759
241
1983
2692
1658
1444
83
5757
235
453
148
109
1079
235
352
1251
1716
479
1417
243
155
2243
385
124
2091
1213
1375
247
476
4249
886
41
183
784
516
294
1747
364
868
32
85
177
847
284
149
272
180
816
994
1705
663
51
143
564
281
2887
541
284
648
434
541
441
374
212
1553
816
715
6058
405
42
699
209
315
3016
209
545
925
383
740
902
594
459
244
50
109
2
287
165
419
1070
631
718
806
780
80
237
639
159
2791
918
206
331
975
651
186
97
423
125
264
497
10423
801
664
877
170
788
1243
986
530
140
2970
810
532
345
125
191
461
840
266
36
860
1154
298
201
399
379
190
664
701
883
2095
160
672
2402
426
170
524
778
386
552
993
134
763
402
244
2237
667
115
798
1956
199
130
732
1043
977
187
175
169
324
115
1126
1569
569
90
226
420
75
286
252
105
574
2649
571
355
105
192
105
264
217
233
761
432
471
164
183
351
335
551
1203
314
201
369
744
412
1036
1564
2246
523
411
503
252
117
36
583
499
3310
2688
621
139
509
108
354
505
115
328
388
602
308
294
172
512
733
3154
124
585
15
173
168
337
221
162
770
177
93
220
1064
3690
3592
2637
1637
880
1125
272
256
287
318
144
602
580
1875
69
154
256
1904
45
1346
1245
623
70
716
108
2284
2095
355
1090
636
1208
35
167
818
251
527
163
183
299
392
981
428
90
3277
1796
1269
282
248
166
469
1411
265
403
765
916
701
388
1071
508
481
156
205
508
217
118
4209
1516
255
19
402
1185
188
434
689
1287
659
198
568
59
561
677
367
553
487
75
662
64
813
2560
758
523
371
141
785
533
85
150
164
424
263
593
359
307
44
226
3338
52
1607
482
242
1083
659
665
355
679
497
156
37
489
1239
157
325
138
288
712
139
229
112
298
2
2495
979
924
277
1682
207
1723
1033
2721
228
935
262
690
287
67
3614
1083
329
78
583
283
733
413
154
74
251
128
159
243
374
547
989
152
255
22
287
2051
258
268
307
279
874
486
859
206
20
270
4386
204
159
31
596
3952
152
368
89
322
387
109
1635
109
235
844
2
343
295
449
777
2977
439
645
1089
269
182
147
198
714
905
945
1937
85
114
223
1026
178
535
762
496
2179
175
595
73
195
1208
1738
4086
278
1605
515
6661
2185
3160
321
11
334
462
769
1000
1757
131
462
473
211
78
249
148
606
297
381
147
577
645
436
934
674
686
666
250
1917
235
1355
220
250
744
151
638
686
197
461
648
264
138
237
731
886
1635
2435
1400
88
544
405
91
447
403
201
281
872
253
263
463
514
1615
254
647
186
184
165
699
84
631
121
382
92
56
313
1578
336
275
282
182
171
237
1638
178
1238
465
415
405
5700
555
832
40
497
796
271
263
298
124
146
245
399
390
124
71
676
2786
203
212
175
24
156
653
194
768
567
102
232
17
358
414
4222
189
1387
939
224
3280
595
2577
37
475
952
665
868
299
264
3595
341
149
78
366
21
283
1072
291
237
278
145
878
636
585
360
1072
173
452
44
420
297
985
1534
139
211
533
1093
152
137
533
414
63
759
241
137
76
89
564
319
579
41
161
1312
36
2438
359
323
250
165
467
1432
325
1324
699
26
616
796
724
279
40
465
303
426
650
269
1713
722
972
193
156
169
466
720
245
96
936
347
1196
168
4786
7765
300
826
58
2352
939
968
963
355
65
1270
2645
83
129
775
267
157
185
667
246
957
102
4684
213
533
169
250
130
306
2583
215
333
2629
144
516
143
195
745
3319
216
123
183
249
249
143
455
191
83
3114
600
383
371
961
1919
421
171
2012
616
209
117
1
534
213
77
381
201
729
1463
90
288
523
365
145
555
818
84
641
307
54
2331
281
198
219
102
337
92
461
259
420
773
4585
395
8432
1123
309
848
1475
350
524
1140
712
151
689
143
593
1599
177
574
119
261
422
257
653
831
512
2391
710
437
319
736
679
862
154
283
144
350
294
502
162
474
472
2970
839
839
2308
669
283
490
93
208
1330
2201
3357
2909
314
63
717
559
757
906
666
2179
481
995
154
144
5318
595
25
468
1633
425
196
381
107
1049
369
2635
1595
622
69
1640
774
831
883
292
137
237
255
481
3612
774
303
913
2332
619
1826
400
198
461
416
566
1553
939
216
195
1646
897
526
186
397
467
275
174
3521
848
551
285
251
1936
677
242
2689
223
1140
955
515
467
971
504
275
3113
419
366
367
199
415
295
401
143
895
2244
752
172
3773
982
3210
354
1398
432
656
421
241
530
716
1004
404
294
534
383
171
552
600
2259
637
1177
108
295
3144
231
197
428
1683
580
1838
439
749
1549
570
2291
3452
2748
173
2313
1202
591
2016
414
279
205
1085
795
487
2215
902
383
466
421
1176
17
1500
688
1882
136
316
857
529
598
284
910
1755
859
2303
181
5891
606
1643
1291
5967
357
148
129
600
108
5010
655
2658
554
410
792
913
190
1147
321
179
257
510
677
158
1323
1210
324
40
606
465
290
253
251
3326
1420
1115
2271
2824
324
289
1139
4283
1485
302
137
1237
304
894
1222
1844
806
614
56
994
713
169
258
2197
260
740
478
1421
5365
580
1120
1877
666
812
710
1997
55
299
1194
3312
516
2541
1933
1559
275
122
9129
310
4205
784
109
232
496
1612
3133
454
1253
631
2618
2642
1576
687
528
439
1707
279
1651
1345
174
802
403
1658
2653
1335
1074
1193
518
391
804
915
7405
1246
3292
610
305
92
1448
590
2649
883
544
1207
812
1275
456
1131
464
451
2274
3681
134
862
645
748
425
1683
178
839
802
285
611
365
545
1026
581
874
158
325
920
706
693
306
429
3965
339
501
642
1947
2004
1065
748
171
1680
370
559
1623
823
166
928
180
859
1036
94
518
839
1568
74
242
582
823
757
4355
3267
1877
400
129
6367
695
1659
479
1912
378
30
215
5082
2247
606
234
2490
3262
1226
4350
3645
4918
1284
1997
2424
2888
26125
242
