17582
4130
635
9698
4163
990
104
533
836
154
1237
447
594
47797
6345
567
193
592
581
795
4212
174
2430
88
4632
2351
1629
420
1216
505
522
110
482
11430
15404
6
35
11479
9589
2423
193
3803
14074
12447
26483
959
8341
24205
21717
15476
43936
894
6524
12770
17033
1109
340
7409
888
4694
5838
188
463
50
280
1246
455
203
9983
204
1978
98
573
498
22
3478
41834
420
368
2081
2151
32
1212
3323
1428
117
140
665
98
2008
796
1872
3506
2259
21903
1491
1945
275
944
1440
32311
183
241
9862
181
1669
862
20950
2503
142
267
52604
109
25102
38
804
620
1742
70
415
2196
35
22
157
363
105
248
183
65
1172
930
35
3525
8137
1829
17
161
312
118
247
518
128
2183
320
641
164
361
39436
3279
64
585
2594
4556
4368
6760
28550
13643
37457
26280
192
97
23247
1425
42400
2962
97
384
764
43
78
373
30494
4213
441
17475
1893
1694
13455
22928
13265
1360
8353
209
22468
7174
44120
151
37
552
5054
1640
722
144
362
98
1173
329
359
126
45
1924
409
101
2887
149
4932
6901
1233
289
913
224
944
1143
14227
27131
32386
506
8250
28697
15344
3851
5554
7159
109
70
292
913
528
663
39
16
77
3001
3263
78
1
69197
57
151
72
33
6874
4651
9139
43047
15776
1596
486
26
867
117
1655
1296
1696
189
265
1276
1618
178
1647
227
1900
2398
92447
1650
635
307
3332
5200
39811
241
5642
787
5516
176
555
311
404
150
503
535
3928
429
175
20143
35056
8662
965
66
38385
292
48503
17018
1253
80
102
491
200
2421
1201
1369
157
4567
7577
1489
954
193
1355
1084
137
2516
1770
316
2906
644
957
80
125
2078
144
1882
70
314
3365
704
77
1317
2268
1272
234
118
5223
18
219
277
3
1348
19824
1151
639
549
108
1642
2274
330
7
10758
12900
59
27990
2386
1003
458
867
195
166
771
42
2675
475
873
1620
470
134
188
570
34067
2805
80
1229
23
13928
3697
24207
6344
13356
5427
336
90
5261
162
3082
484
8594
146
34766
37
15
1924
9
593
39
369
2204
46527
28487
162
1529
3520
3069
4346
32740
37
15
3933
591
95
39
558
4159
254
737
338
132
35941
141
518
29916
5024
572
11149
92951
8120
28165
42115
720
1477
5187
5441
776
977
17654
1066
159
116
165
366
263
420
320
132
407
488
31057
4204
154
4779
171
209
1323
1281
648
2028
684
117
1186
509
421
1464
9251
531
446
562
2064
1501
36354
7402
1145
1114
812
114
89
2896
1052
65
358
480
25888
608
2023
153
1592
420
12685
55
1139
374
75
1446
93
308
1193
8105
147
176
24
15570
1947
1271
5208
658
182
157
160
15403
566
367
4752
1560
855
1306
176
1655
47803
16618
2953
4073
1116
717
3032
1908
1874
926
26154
1059
1071
55212
61162
1314
8872
136
961
259
463
13656
2273
132
94
32791
2003
16390
23571
2139
181
3593
130
201
651
145
3846
1778
270
350
819
449
2402
3463
761
1085
11123
174
13595
10268
11349
228
39
18132
10773
8168
36065
1364
31388
6074
39
551
26
8146
149
490
11
454
5385
200
233
54
240
5835
717
265
1789
63
556
353
371
564
9
1463
196
529
2494
1073
2450
19686
183
6544
5437
3530
1645
774
3090
32624
19462
42
2321
3011
1702
824
1985
470
2115
1086
3351
14190
96
1695
12123
1001
43
405
19976
11364
587
1886
15996
6872
204
113
629
33029
2138
7640
133
371
565
528
2103
109
216
15062
40
36
272
164
37906
28832
115
701
687
1076
88
131
32179
6619
26720
2808
8196
12343
8796
7672
607
868
732
297
530
6767
483
243
390
79
241
91
120
321
1266
1262
783
95
2306
1529
1272
1407
21170
445
559
165
534
1379
268
917
1042
1952
1820
1152
1073
5675
477
297
1892
495
653
413
434
410
162
109
332
937
96
58
286
882
765
696
175
12429
11533
71
60
3399
602
34343
63208
27939
286
23564
13355
2329
199
2397
4
102
1086
850
2731
375
382
393
177
101
1318
715
452
562
238
102
547
210
455
5165
72
34
168
131
1200
40256
87
916
203
23623
12963
41
86
1480
1603
202
19480
139
88
4359
94
3042
251
1004
143
28
410
42394
506
414
362
1082
27
2406
382
1832
1051
21930
21804
31
475
72
732
1864
7432
92
864
141
10976
768
443
1309
805
15373
532
251
137
2173
3715
89
464
1121
355
147
602
445
457
352
65
1575
6982
398
90
42
1069
288
692
116
8758
31350
22544
332
212
1478
354
2443
1954
77
103
30655
54
44
285
72
141
208
228
959
630
168
315
299
497
759
82
2381
105
5337
18304
1040
65
34
160
177
382
133
520
305
760
7105
133
543
133
161
360
319
25
18
100
3650
45
92
29
8
718
68
293
104
105
84002
559
342
4003
1054
57
393
342
11924
176
23
108
155
174
339
363
369
932
412
503
570
71
111
137
150
113
154
192
816
707
785
810
4888
59344
1018
59881
502
1614
1005
794
17
2427
423
42975
242
84
249
507
1225
81
537
53
2361
191
111
735
471
121
661
45
968
113
837
2719
11233
171
62
1215
265
576
3508
267
1820
102
744
2874
411
724
475
117
14457
111
853
47
1402
591
36
670
1740
9660
107
923
6656
9434
154
1205
70
13
2358
12563
1209
29
2579
8741
3057
433
774
810
699
363
261
1181
349
1855
410
2681
379
305
173
705
135
37517
465
228
557
906
2065
318
110
515
14609
375
55744
950
20
210
43
428
29208
1047
7014
51
139
20
915
151
2
1061
36576
463
131
19567
131
182
12692
947
1242
14064
1061
37
629
839
45271
1121
366
2355
113
204
76
21832
5689
17
1477
2538
332
112
885
369
11681
164
1225
19
183
420
38
1108
690
134
2149
342
25717
655
6605
22692
1370
397
3321
2086
2912
661
62
20076
888
2949
2780
1518
106
2942
173
1583
426
2464
25855
10509
1284
61006
29660
182
371
142
18658
2126
935
544
1338
12438
17947
16519
46
67728
388
259
980
1
1424
85
1212
51
586
12
6372
836
9087
13198
1005
226
181
404
1699
834
13305
714
572
336
1268
38276
1782
1477
8731
250
724
816
198
1870
53
53
558
1022
21085
1657
2890
45430
1982
451
217
284
393
5
835
6295
155
7837
425
64
387
600
128
790
688
985
1509
796
2046
2624
1020
184
35097
4190
3042
2938
1598
1674
333
1047
368
444
1047
2029
462
638
1730
796
1420
7382
1781
1826
2062
10006
7079
14864
11340
8380
1666
1
216
5517
1340
141
726
1883
62
294
2209
619
1588
3895
632
47
2126
410
655
363
2124
11136
5622
794
12843
91
621
524
14608
890
3661
345
3221
1713
4210
820
5295
17227
1552
99
1400
1369
19450
8997
20
1031
1089
2554
1374
9153
465
1614
335
56
130
351
1328
654
221
463
465
1017
1338
105
6637
1444
5627
754
11793
367
521
34107
2579
51
16600
35963
798
23405
8721
4542
8409
613
111
48947
290
592
1978
8162
1093
1819
65
16423
14578
128
178
625
26111
54312
96
1643
1058
10804
439
177
3110
660
212
237
1918
196
1234
855
1385
2736
2359
60411
394
119
418
10506
307
82
6145
1307
48
36677
9991
904
501
1870
1091
188
2043
113
2280
14132
1289
226
223
18540
433
7202
113
1913
527
549
131
438
13691
19857
8256
1337
423
538
304
1565
1573
17700
1923
936
100
240
2372
989
2628
2913
18539
638
2839
477
362
43814
223
9375
50947
6035
92
372
10206
2485
49894
104
410
1323
584
4226
1293
402
575
4063
319
207
710
31
1960
112
271
521
475
80
136
1718
1404
249
3926
180
445
248
495
25
1123
227
150
61
498
53
83
159
61
14790
7210
26341
632
217
3307
2466
1085
59
291
815
867
684
1208
33168
2428
20847
63
1295
3
237
366
179
1020
227
230
171
6917
994
1401
54
887
257
202
794
1018
2574
136
605
1547
319
47674
2634
3274
29504
491
1150
9735
340
281
20538
135
2486
2481
1000
590
484
379
239
29
4583
8993
662
927
1474
404
75
1223
69
972
873
2348
219
147
261
87
458
187
34
577
169
58
371
305
65
503
118
63
297
714
54
17609
1482
19848
378
260
1775
782
197
82
605
33048
323
277
756
955
567
33980
6910
400
24431
994
487
906
58
163
641
1637
207
2
1399
215
19279
32
165
265
65160
39668
6367
209
338
1422
20438
199
64122
5201
244
33
147
221
230
639
14527
266
85
37
9855
16217
103
426
58
73
54
200
19489
96
24
32
12424
595
37
88
11703
3081
17
7467
158
13421
1297
49003
444
129
305
1642
167
201
5465
788
222
1141
578
167
2617
4165
963
143
429
269
206
1410
6731
21155
84
496
65
752
97
80
1642
4631
246
1278
658
1939
5960
3589
102
20369
947
8427
2183
86
224
75
909
11561
19135
15328
3018
387
1827
869
491
128
861
862
2378
925
102
1699
13970
137
276
380
3679
1499
927
1381
415
263
372
61290
1134
6514
336
1224
161
603
530
2454
32098
906
1636
5596
5200
25723
3834
1827
1500
1501
1597
3120
184
244
1030
596
5350
492
840
160
974
262
455
779
576
189
315
41480
366
1271
597
1078
539
5282
14493
387
2868
1260
605
48245
247
1090
2313
33506
19958
661
663
36956
2031
1722
10932
773
10790
2329
329
743
151
275
298
93
132
140
992
1025
449
293
31100
287
184
47
61
233
6950
561
140
1153
10221
906
662
1257
7
2564
2
18131
8463
245
629
641
44462
572
711
1615
129
127
1190
694
1756
8864
120
141
64
17899
957
359
115
112
231
605
808
262
232
103
654
1371
1564
235
1558
1302
1339
11158
59
1591
199
2031
195
75
550
3122
107
416
38047
26867
53634
11739
1298
1553
494
8346
5615
6243
7633
674
33607
5178
11816
25510
1064
31331
124
615
5048
353
10183
1377
117
596
118
7946
442
135
10325
27741
529
920
1203
19697
20002
800
1626
14931
74
239
1327
184
57
488
511
12179
9474
40
792
992
253
547
478
132
1893
9745
2916
3263
537
863
1385
806
460
20056
332
20
332
660
403
447
1265
885
252
14990
695
371
1106
1658
142
16
737
2621
147
3965
242
494
210
295
759
453
1732
1848
439
416
26818
1278
191
225
620
21466
1746
2001
371
5047
7954
63
661
186
117
79
3552
5450
112
34821
211
695
1223
102
1645
831
9068
141
230
2159
72825
18751
5192
23170
926
90
722
2244
421
175
611
26357
246
1156
47
54
9056
1676
424
15636
9754
1660
1022
223
222
88
233
352
9
1370
1258
306
898
14373
352
202
899
235
194
633
76
695
752
509
3246
2431
384
5
277
813
96
492
69
6777
100
177
2086
77
1977
2143
1867
2261
2469
2187
565
249
159
975
483
449
539
201
78
161
930
65
75
3749
149
705
26629
573
17551
366
661
751
270
2839
30729
1753
54231
1917
1605
486
829
6312
16733
1992
577
124
1310
302
1334
89
3122
101
2139
334
369
1907
3012
19479
6450
214
21271
1212
3949
16246
4573
4775
393
329
332
1350
390
22
11466
398
51
30406
55
984
40019
986
156
978
279
71
774
99
12685
118
2348
2412
267
625
188
223
786
10961
2
14
1154
299
2212
294
1823
114
82
1263
565
1358
32088
224
310
811
494
444
734
128
101
732
7769
244
981
157
322
8518
701
316
90
67
262
478
572
464
79
3605
12
149
189
3818
926
3553
627
1329
171
1313
127
446
127
272
107
1106
118
553
18172
2075
213
24374
18294
12303
73875
1812
2969
10271
667
3860
47627
22890
226
288
1249
157
10328
28
64
210
27967
2352
249
356
196
2100
1217
273
697
73
1789
768
1747
11719
1171
26
234
873
1879
280
3846
45738
6951
2448
1776
3180
3004
8095
5
1703
93
14
12
2275
750
16365
19993
44243
1459
532
85
32469
420
41122
4632
11615
22710
2637
23811
161
247
92
1203
681
489
35204
10918
160
18
23314
61
139
51
194
138
356
136
45
214
34362
56
833
501
25731
262
41
1241
30167
12366
5293
4035
478
19769
975
38924
5028
15182
9203
11285
5981
754
37582
236
50
54
12073
2632
99
230
1294
537
263
41
23131
2097
6241
232
160
4613
515
1076
3727
5358
5032
463
3481
4982
2673
653
524
4
118
457
333
2562
1
655
151
1556
8
604
14758
4684
12910
10322
367
851
1427
1167
2929
602
578
3723
160
2769
623
891
240
2322
2441
2625
746
1653
30493
3527
5344
95
22
1723
1266
715
1096
234
483
28
1040
161
100
446
2473
422
360
755
745
439
1053
4284
2927
43730
180
340
954
703
1722
292
447
774
834
1249
918
2207
1968
369
1109
149
6240
22882
2739
29946
1427
8
605
1052
607
231
259
731
19643
25938
2866
37
2076
136
197
486
547
705
48478
148
12886
76
191
49087
18
16785
1520
37252
139
319
3343
4679
38092
42
836
297
36
292
126
421
127
822
14093
308
2582
2718
1537
247
1469
1031
2971
52
2214
7425
1192
415
2298
2910
41
1084
2293
432
455
19344
236
1119
138
171
1299
1107
58926
1550
313
11434
68
114
571
80
3683
431
48
27
236
286
210
729
2878
62
458
787
836
1681
2884
4101
418
399
2569
772
1127
607
10266
2449
469
46358
5129
28953
942
14249
18771
1546
3441
6210
844
1303
2321
760
2378
25771
251
2506
590
441
639
761
10119
21
37065
522
16644
631
359
7525
2589
104
1816
842
48
1645
37452
876
1707
21966
108
16796
166
81
864
18788
1254
76
347
306
410
182
810
588
457
1665
694
223
103
203
1892
1368
3774
1482
1928
156
1072
4452
372
41540
931
44008
168
170
99
1136
808
12078
1535
176
766
1138
1943
55480
1537
1256
3013
321
332
3732
125
433
237
144
13501
1062
425
50
1195
34096
647
33040
33
71
335
130
287
3378
24164
322
1348
442
7666
660
235
101
1871
127
2704
10358
310
998
2529
1298
597
118
377
21865
81
2917
45
2028
1314
255
601
441
287
100
20
202
94
148
516
1120
1861
573
131
1347
2273
82
8633
3628
67973
44
611
309
1595
652
217
70
184
236
2
65
179
97
187
29
467
251
60833
53740
55
43571
417
3068
454
3163
813
388
243
239
632
69816
954
119
43
760
1101
5450
61
1482
238
224
317
89
823
3181
191
131
651
850
702
828
112
104
145
204
298
1143
622
198
67
117
514
231
128
512
180
190
274
4339
206
183
78
210
764
317
65
855
827
59
96
1012
263
198
643
410
525
81
158
119
76
150
172
629
396
510
1621
146
156
84
88
234
253
81
36964
191
104
523
116
112
176
815
280
1304
326
204
410
160
262
692
315
131
719
668
293
1489
885
42
116255
130
30708
5130
35092
71
203
224
31
384
274
229
188
75
453
289
168
437
77
332
119
448
217
274
227
92
847
72
351
412
30
876
147
950
501
226
689
452
222
41
96
1285
260
2912
637
270
129
133
13
109
622
1737
534
500
247
108
26
257
203
856
3392
157
438
73
88
10754
36226
187
2380
88
299
103
87
211
2108
10848
10041
833
250
155
680
760
493
139
97
95
314
86
3
24
193
127
98
29700
643
489
528
469
129
10745
259
268
78
4985
77
145
321
61
2
38989
95
399
1419
2844
431
126
315
5312
301
17317
95
399
482
3194
808
132
14041
455
66
86
112
134
68
160
140
246
58
907
189
462
51
119
209
135
122
69
81
310
203
45
707
328
234
509
1532
30176
1628
2883
203
431
30
536
4850
1832
12833
3661
55300
3815
3119
53786
38765
22991
1856
2941
4811
197
35402
1784
182
8
643
258
455
146
32
71
538
73
200
306
26
266
139
2300
77
120
120
94
1143
279
275
454
16732
754
658
210
9483
73
125
480
221
280
17165
1193
4
83
47
415
275
237
211
336
170
153
1378
40
2763
846
245
21
723
176
1861
65
498
138
91
154
88
70
14
125
339
52
64265
12
20
8422
14848
2553
123
144
1
572
340
11899
2091
183
116
77
35267
547
154
315
440
580
242
163
84
308
264
91
292
243
73
27
134
113
41
240
217
102
301
176
324
3072
2719
13835
165
111
617
224
766
23789
171
57660
121
109
12
203
4
274
311
54
51
665
1366
145
417
128
10
17514
2201
166
726
168
732
144
118
255
143
22
128
93
141
19
492
114
230
167
258
89
211
359
174
145
24
117
104
1404
1165
29
156
333
75
38
304
189
25
253
440
85
332
711
1097
120
289
229
2591
1273
27
3
19732
192
729
323
24
21
77422
14
397
332
49
109
336
601
720
838
83
13064
84
78
719
64407
1392
331
118
397
62188
68
165
130
115
30056
596
1251
25336
6394
5738
1491
348
4759
56
364
11
77
3
104
17670
226
1134
5658
29
294
7
82
60
350
141
82
138
117
190
298
71
1398
381
106
1312
289
156
152
52
232
190
8
268
122
256
79307
743
85
132
395
57
106
43
224
117
84
33
64
14
92
125
147
20
23
199
140
655
301
1220
976
216
641
123
261
170
149
89
97
625
148
305
322
2277
348
993
997
79
563
40
1446
228
123
228
556
86
1031
381
475
111
889
262
107
251
218
54
242
106
795
17184
1134
45
125
68
82
25535
54
97
113
611
368
70
93
366
344
84
395
619
467
50
315
30
177
127
672
239
79
322
703
49
73
106
48
136
1045
1096
118
601
271
300
274
25724
1192
916
1076
99
75
66837
5
51
236
203
16001
98
267
14
54
427
7
74
143
56
582
40
281
174
66
800
1032
112
5191
815
698
1110
247
273
431
108
52
553
258
15554
3350
61
16712
381
42
111
153
174
78
163
434
419
1347
33893
259
595
85
157
10
170
452
406
32
267
293
224
487
1065
124
1
82
46
198
3
154
72
155
454
27
115
435
196
309
327
64984
7557
135
290
183
268
193
196
41
25
171
307
183
228
95
231
110
270
4638
45
415
7446
18574
614
234
7305
48636
98
41
127
1709
182
179
1542
22
86
225
275
241
96
324
67
541
196
2924
8508
42
335
125
97
206
121
96
761
101
591
1117
130
143
313
261
43
33
148
279
847
99
38
842
308
16030
113
957
83
77
592
790
614
238
104
50
135
388
174
302
111
473
12645
108
243
121
195
35
692
1162
455
31
51
146
163
31036
8171
50
1527
269
310
132
640
253
944
408
110
107
93
36
14878
800
384
188
700
129
61
28
62
52
527
221
1104
236
34
390
861
92
351
260
370
105
30
525
3383
210
8792
1094
3377
262
1310
4604
114
88
141
165
52
298
2198
56
144
46052
337
291
173
2795
468
539
422
142
300
734
268
168
1468
930
281
37
171
512
974
212
93
216
365
115
42
631
43
132
1040
2767
855
150
203
390
13675
119
57
253
66
663
609
1324
749
1133
1929
26
64
1251
205
552
292
3446
12967
7
629
46
334
2932
836
886
467
91
72
829
3761
146
2058
448
541
866
1620
271
237
2364
274
628
1277
38972
2030
272
771
377
75
18
298
407
476
13752
105
116
443
338
1145
63
510
455
38273
2676
2952
734
11466
38295
816
208
2931
5122
4498
7672
10358
337
280
1139
786
788
1402
829
6147
243
138
223
289
9480
1272
505
36
532
462
32
76
363
3
73
1301
2669
14
1441
12014
85
19504
68
12145
18248
686
12731
32495
2049
868
240
369
13361
66
103
69
11782
816
1513
16
10150
253
34655
11461
983
2458
870
2275
85
26860
22855
1056
379
387
286
2829
1348
47
1050
292
1472
85
416
17
2745
1045
33439
2380
312
134
37478
306
561
157
127
1435
1212
6891
58
785
4515
678
8921
58
336
85
87
894
8784
52
253
45
522
976
32
64924
8147
475
182
3027
527
3948
3009
1486
12111
10748
1349
25470
7880
3316
237
7447
5275
10320
687
7623
23
1830
22111
183
1124
106
3988
2753
24203
1352
10
1638
335
29
5245
3960
93
650
995
8923
38110
749
6434
3364
1372
620
1644
6588
179
100
35500
1731
6694
60223
5840
282
104
6774
1465
373
13459
431
1753
2381
1534
339
262
480
6460
2101
499
147
12046
716
125
132
18679
330
87
95
1245
783
664
250
519
1244
3823
683
351
6
640
82
363
100
110
1619
92
4456
1180
556
202
289
13717
363
61
8418
1422
364
2380
15396
14776
3004
2670
339
4793
383
2085
4670
1496
205
1701
82
174
1734
2991
179
105
59
100
272
2821
4177
699
1329
8942
9261
15267
5964
625
1058
14604
1794
318
2669
3090
11443
9264
13179
1677
2866
8990
13328
650
8514
2921
1689
13178
9251
749
52952
1847
2208
27972
72557
12436
1531
4173
1011
1601
59711
23387
1127
38993
32851
4194
2445
419
723
241
2727
24
18077
22028
44054
138
95
2496
919
998
1172
2955
3466
456
237
125
23576
47
283
104
643
11814
271
283
75
195
922
12364
28252
639
1327
33675
1136
7037
28735
26035
5293
3853
8090
1085
761
2823
2017
282
4272
1043
1044
68
533
1194
1403
3469
2912
1744
1845
2189
1341
1403
1194
785
1044
1601
790
23
95
1354
1729
1463
837
3730
761
1085
2254
4792
33300
88
56
160
35790
24354
5725
16951
6
56
44396
27
838
7698
5574
23938
647
3920
27288
3032
271
11283
10
14706
669
1095
551
174
828
235
458
302
3364
838
45170
1864
2704
269
1287
228
1884
11542
22439
94
79
269
32
631
115
21016
3800
14915
2013
287
278
1354
244
2190
31620
11411
166
13711
601
55
121
239
50
340
441
3687
23410
38949
18620
5
12429
439
64
326
460
2278
127
1776
1343
9171
7168
190
8208
806
116
598
353
282
16452
2244
2638
521
665
2313
3277
103
350
320
231
329
18
1250
449
51
1058
1437
2372
62
1812
13435
592
1422
2445
13284
506
68
627
781
735
33244
263
413
166
143
678
120
194
1057
92
342
764
1467
97
10106
19396
1389
2639
130
34502
79
5903
3
26141
1000
1276
197
2043
1075
238
623
107
238
264
1296
2151
331
1639
153
183
559
44
376
31577
146
70
218
3128
140
603
14773
2486
968
6569
21476
3129
121
48160
34220
3340
84
4806
49738
455
118
844
1042
122
228
3200
684
345
889
1228
1226
200
1050
1387
456
128
145
1306
320
792
2004
1486
18052
59
12027
2187
5001
8972
425
99
1056
10167
607
1729
283
10259
132
189
89
203
27002
643
166
802
40
388
89
133
549
479
516
396
2970
679
9644
942
97
1077
677
1055
26
32559
3622
27810
8696
647
689
1183
371
222
21614
3260
6047
3001
29406
7837
546
863
32180
5401
523
28748
507
428
117
340
86
20
9620
364
9970
32008
1989
934
1550
44577
2378
152
347
283
93
16645
3811
178
420
2539
423
461
232
57
290
1927
56
1675
378
1169
24
217
1761
2646
701
4871
47448
9390
814
694
402
457
39
15520
34487
453
478
2053
2124
1098
3541
150
175
617
1202
787
3782
940
20151
587
707
55
462
55
486
773
5
634
218
27
882
636
294
3266
61
2218
48597
923
1680
246
177
33017
129
179
188
150
102
84
110
2365
76
1367
739
266
1682
115
2478
147
60
932
1079
244
79712
915
450
40730
970
211
292
127
459
57
1164
205
222
236
347
584
320
446
1978
97
1059
829
90
569
5
3792
592
1071
197
39
295
79
2287
382
106
83
337
470
59
89
1456
433
183
842
1195
52
692
1750
510
2088
699
615
142
282
352
2093
345
1246
3057
1008
40
1219
370
601
231
45
47
166
2736
244
265
1569
1517
147
11
424
178
2461
13161
83
30
326
504
583
163
1787
131
82
285
834
215
22
18329
188
2219
71442
3384
118
103
89
74296
261
1026
162
163
158
839
307
688
4197
86661
32446
20207
1404
136
40
1225
177
85
81358
712
937
167
337
72
37
16
1897
1265
963
430
771
26741
5686
24917
9
1376
530
707
1096
562
23
259
79
301
207
1970
197
128
312
130
355
132
154
174
109
403
222
707
105
360
211
1914
4444
177
333
205
170
32
119
136
1214
203
194
1050
89
620
7
123
2188
1079
101
117
156
783
404
155
1578
203
2157
1390
272
1451
638
143
186
112
73
1766
135
258
129
87
98
189
143
194
266
211
994
1817
54
332
65
202
308
94
1743
931
146
1852
18
391
61
299
280
342
998
642
2795
41
23
794
97
1896
388
222
400
73
134
172
103
87
61
15410
111
2238
51
89
58
380
87
320
130
589
186
181
377
418
853
146
133
56
212
454
255
9
118
50
270
22
293
2265
65
89
150
255
110
69
75
88
140
545
102
107
398
437
248
159
68
215
19
336
351
244
278
111
105
92
109
64
256
1087
1189
2054
939
812
180
1048
318
553
276
407
466
32517
437
202
11
62398
4966
58
179
152
31496
5708
23
54
99
108
224
60
3236
195
103
491
199
1134
147
242
101
375
432
162
14
212
308
112
197
189
715
756
412
647
234
421
231
90
1334
9037
25599
74472
120
241
1430
557
611
320
290
12
63
139
11352
18084
262
1008
652
194
29
436
5259
182
73
474
548
288
83
191
215
20053
95
14
974
266
177
55
1328
151
15
469
262
4738
74
1138
405
465
625
455
52
160
208
176
231
1071
84
549
794
60
135
615
394
42
72943
33039
43433
29739
266
7521
162
13939
5201
27434
27834
25487
47942
4292
95363
22488
6215
36438
3297
10602
43897
47758
19167
7608
46202
1960
52920
19096
37097
24533
32624
987
46186
17509
83
19
367
67
2152
231
115
496
541
652
470
437
439
1
1440
88
337
251
112
227
304
119
50
3409
366
40
95
243
1287
322
43206
878
2260
52
86
6
71
118
46
803
2117
437
926
47
231
12845
52
63
229
6621
151
354
171
87
34
117
2159
27025
160
50712
8411
19
288
83
188
353
692
61
54
289
76
105
77
108
313
398
221
170
449
208
487
57
147
74
196
342
824
132
197
1060
370
157
480
145
64
166
552
452
332
396
211
746
106
445
237
598
383
1026
71
339
274
107
1570
1174
83
113
197
438
348
798
178
294
1665
71
193
110
339
12
377
79
489
107
1015
93
139
677
419
62
305
219
1825
116
1152
216
136
1942
301
467
262
2183
66
108
131
687
1222
697
250
163
152
348
260
24409
319
11
124
84
86
28090
2596
100457
30172
38867
31021
5130
70380
5871
1200
43441
6193
258
39
474
69013
11221
1033
579
189
164
472
3285
23
2600
6738
34
620
10272
40003
1892
128
1594
92
804
46
1205
3226
95
742
629
107
256
99
166
75
1069
762
433
441
90
1243
370
762
540
48288
683
4868
254
27544
371
1233
81
180
339
94
1806
92
545
37
106
234
4505
2312
9566
2958
275
1306
456
5635
4774
46371
335
2956
528
2946
4246
256
21
71
247
119
328
262
717
120
7490
89
741
285
18535
5252
21157
19489
4718
71
1614
1423
7208
392
172
579
337
1142
98
495
2519
2815
193
593
507
818
53989
422
139
40501
1638
118
119
503
454
181
25577
100
4176
8018
809
2493
148
90
14148
1619
26498
714
132
24455
3369
19082
3002
2441
36212
1098
1396
1021
7834
329
847
245
149
102
2483
1657
644
144
1049
1490
411
368
48082
497
2286
11664
2183
303
10422
910
250
30627
553
3605
94
1429
9234
531
458
85
942
2587
1462
36
815
21
137
191
356
6049
537
1994
1528
2927
16563
1538
454
11122
7762
13801
2003
782
10194
36668
12984
650
17355
5681
3887
7598
25078
859
1147
144
1764
1414
523
235
985
280
563
774
330
721
357
1098
115
41251
3246
1655
1227
835
1093
1100
307
4673
50254
251
299
3680
2465
1527
1223
419
102
4471
951
117
27361
1989
55941
11842
5584
23676
164
16233
2489
13610
26433
32865
7498
2854
27816
635
1803
20143
2239
7122
3456
4646
9500
9501
10735
809
1863
3664
681
166
3475
399
426
942
2308
574
1473
8455
975
19934
816
318
127
1776
1167
533
1194
5
1463
3469
2964
460
3657
21153
398
166
712
131
375
27672
4170
1052
571
3751
392
223
351
818
13379
4544
254
24
17
86
4196
842
216
58
9
3949
276
2164
341
3732
157
284
328
1718
28393
244
1417
144
22162
973
246
692
116
221
1089
277
992
11913
276
827
69113
78
906
745
78
8181
3041
34288
937
441
453
115
1289
294
1289
1565
16272
276
530
287
513
1924
1147
80
57
1163
2663
89
4397
6420
142
754
317
4798
108
22549
2877
591
236
6412
1357
19056
6961
6635
380
8167
2804
821
284
112
50
1393
726
241
923
1135
575
407
186
1317
111
80
183
137
1305
524
2253
14733
561
865
1529
1205
471
1168
271
13996
5689
246
464
1205
747
61
3735
9290
217
654
244
704
1767
959
609
468
631
88814
6500
26535
8715
10084
7499
380
578
129
539
1085
167
20
516
11870
491
1643
730
660
399
1939
76
10604
680
1754
418
36
121
72
6856
130
27687
6245
355
316
150
207
64
661
629
4022
254
1757
1825
40
1309
1108
1458
160
761
864
2162
2635
1075
263
349
118
37799
129
618
160
1659
56
66
128
203
283
548
4702
31873
39
948
76
42
214
87
17
293
95
50
31
235
155
9769
320
10070
1625
4700
21104
1498
47960
115
404
386
202
386
298
401
36
169
86
38
72
218
190
146
1343
13275
753
169
104
172
158
424
1779
742
11
1648
32
49
301
537
156
810
67
468
415
294
806
337
118
352
144
700
541
178
6779
247
83
204
510
199
1559
11172
119
299
30
316
529
547
1362
2026
1154
82
13
142
1516
99
7932
217
253
1311
3166
1554
10981
36213
782
46737
72
90
828
16070
11200
514
186
248
772
14568
46658
3973
84
11
32956
812
4632
747
25895
2453
19382
670
99
31415
169
103
297
572
82
101
135
316
17756
373
617
2279
52
489
175
695
185
5529
28
131
114
69
4859
75
73181
420
2000
19866
11082
4170
104
61
174
3521
1427
500
538
266
212
200
216
63
174
383
1311
1478
60
239
16
80
1911
2138
14
600
48
76
161
248
20084
1257
458
114
360
49
23
122
75
506
248
112
374
24
104
47508
26873
25189
109
92
546
131
1291
9788
57581
121
954
685
95
245
67
11
49
225
586
81
70
132
127
675
1026
390
541
662
193
97
129
746
728
396
391
120
169
576
641
168
1202
84
209
219
40
294
268
238
1138
115
208
193
108
192
54
398
958
2584
36
133
719
630
1482
569
1541
511
248
459
1273
131
971
175
389
485
857
17797
214
1385
2064
491
194
269
692
84
847
34
252
137
19
44482
73
183
219
223
99
690
149
1468
130
400
191
75
64
100
175
337
316
125
142
4115
87
3816
7631
54648
3973
181
103
293
203
875
209
14
296
411
161
361
196
186
31
56
90
57
1107
735
20375
142
482
508
153
1437
1043
68
160
168
26
388
58
27
32
117
151
2002
895
84
1189
129
145
625
135
1023
59
267
37
14
1081
227
11
241
250
294
245
496
679
254
160
451
252
73
105
153
42
103
226
376
540
309
395
31
189
188
49
82
29
249
1271
227
1156
242
231
1971
67
553
150
995
453
371
492
1845
137
266
258
357
243
25
489
400
88
279
2246
250
363
264
306
243
191
393
145
119
8740
76
47
262
443
603
152
176
200
106
433
94
101
135
153
294
1934
225
99
148
183
676
675
53534
51224
1107
30177
699
2
2104
334
55316
130
306
117
69971
103
135
112
672
140
37269
3149
415
85
402
453
396
11570
84
199
181
24
25
77
59
6877
165
51
7172
230
176
367
147
513
325
501
415
230
131
6
55
85
368
16382
41901
1223
357
154
236
234
1425
240
669
54
104
111
169
416
308
327
133
394
112
896
374
30
95
215
352
86
151
74
92
25
371
2
97
119
120
8
58
626
108
40
72
71
135
387
2105
411
126
1489
203
591
68
236
3900
359
196
157
324
110
102
154
202
457
438
64
294
9
368
63586
137
2727
27569
9788
1016
257
117
362
732
85
282
28
350
38
262
128
41
176
1302
610
224
96
417
98
220
86
73
4709
57
246
39
1027
74
200
30
27
387
155
2079
10045
156
324
163
223
704
1002
288
258
282
220
37
212
186
75894
500
60
278
158
126
63
383
180
572
479
2971
295
85
16
296
161
43
168
100
43
122
319
10
281
266
294
97
792
190
6
92
68
94
66
112
166
66
144
141
99
1061
451
151
46
1232
284
192
38
26561
518
315
41
648
124
1258
505
176
334
224
80
437
195
814
196
234
363
244
89
8733
9065
31
120
2084
4664
77
66
319
127
5078
13794
860
73
80
136
272
952
349
19
300
170
621
127
506
114
11
910
651
1144
10098
54
425
224
719
226
11875
29051
1457
232
477
374
617
415
411
274
147
166
22519
148
337
27
1068
985
102
64
19984
58
21
180
513
642
843
422
133
118
129
89
136
212
351
2392
2460
644
36
551
598
134
46
44
238
825
978
398
342
27584
1137
110
39270
4289
57227
341
62
83
5181
33
226
231
341
41250
83
11619
76
610
646
109
98
215
1330
20
15
2297
161
2528
399
41
414
1213
750
429
419
25052
749
1126
1785
578
58
118
503
1427
61
189
47
63
100
1272
761
521
81
129
56
136
149
306
182
1540
36938
220
34322
854
1504
242
323
1521
4185
347
110
151
652
116
452
63
1658
10957
1634
26286
1067
239
192
667
853
519
584
153
439
88
6646
96
3048
581
48
74
42
73
505
271
1013
61
122
1420
2415
3581
39
2317
119
89
232
447
14420
680
54247
59161
583
30670
2819
332
900
2046
2290
40853
64878
61348
2539
1236
19430
9556
39887
1321
192
1337
866
234
1754
1067
32
104
66
556
681
34
3261
38881
869
33376
1278
56
570
188
234
6148
349
1497
152
494
89
1418
216
282
538
784
516
363
133
379
14762
575
99
112
56
374
408
42
1460
197
81
348
257
294
255
372
134
201
1059
28731
255
18415
43
595
134
277
2407
2000
9538
1383
61
407
649
366
692
477
13031
7424
51287
18253
7316
20123
29779
1478
4014
1301
3710
622
117
338
31
907
39
211
4096
687
214
47779
2202
2360
934
1974
297
2413
356
2888
765
1332
277
243
15597
384
350
3715
22180
1201
90
68
1987
911
2001
232
992
5485
324
468
2347
297
123
8140
905
493
1411
7
1686
1
655
1109
2026
18
21956
75
230
238
423
27641
324
344
177
25372
5793
9495
10290
1405
4326
1229
364
1161
794
2088
1203
4291
13190
9356
22167
20970
395
178
488
826
487
3118
4386
1229
364
1160
809
3807
8157
1130
984
1912
4393
2
2271
1952
147
85
356
335
883
284
1251
256
502
387
2419
1241
343
371
76
931
445
90728
96
11752
348
314
332
1454
749
13713
531
84
127
2590
1605
1577
9928
453
724
2197
15520
96
1014
4432
563
18843
1566
72
68
81
52
34112
27
22349
98
69
590
47251
989
4220
1200
95
306
97
21793
5648
29470
941
277
865
433
241
605
17966
319
52
576
1530
2558
512
1618
632
4857
1417
321
111
2673
654
584
1293
1076
95
570
1622
499
383
12059
208
410
594
116
358
69
4041
65673
25704
717
337
426
12065
16816
579
8788
270
574
659
7
35
80
47
572
30662
361
21527
20581
56483
1740
39728
264
365
101
1318
1194
743
99
1425
133
2846
2779
113
877
193
560
3958
509
327
258
171
10414
450
487
10537
526
721
1470
329
377
6696
8083
1160
2995
679
611
17762
2478
430
484
657
2413
40568
1106
73
326
27414
44649
322
750
233
75024
916
2934
780
504
3094
2286
737
100
916
325
127
21381
1344
26
141
176
194
556
1199
2623
385
75
488
505
19473
79
2120
3994
36
413
24813
4377
879
124
1174
361
18997
76
1013
112
286
300
1651
1492
902
65
742
32
175
11374
117
2886
61848
316
231
338
829
787
1525
997
52
104
139
763
339
2334
82
101
11549
3644
86
48
153
5676
1769
5007
64
126
11527
19465
39868
1401
1137
4565
2706
81
47
166
9702
221
8845
832
101
6
291
226
461
72974
7913
999
45755
70
557
758
511
366
60
785
1442
61473
556
104
270
22
42957
173
20449
48537
6098
27
112
63
60
448
44233
236
234
124
227
867
847
3967
123
77
208
448
3107
60
2638
1412
3891
2277
404
592
410
263
68
2742
179
172
105
230
214
533
35
573
169
747
425
1154
208
53
32451
670
385
256
265
295
98
89
132
1031
539
386
364
570
258
59673
52389
1350
77
641
54989
86
13962
4012
15774
142
415
449
452
122
272
185
905
173
250
320
145
62
67
16900
4397
35
584
83
133
92
114
88
1042
112
21
543
623
246
196
202
518
165
1625
424
599
8
18673
65
261
1283
361
70605
186
545
318
687
260
1987
48
121
380
470
158
28651
47
533
65
63
35445
809
4277
37455
31344
526
250
313
453
1172
591
818
270
1139
897
478
3206
226
389
107
1702
1445
70
115
2988
502
59
123
2023
1566
97
125
94
21568
2965
9
57
632
2309
143
48
133
1073
2097
6
419
395
67
4747
165
1610
1368
566
1684
114
199
119
865
154
951
232
538
46
254
2378
2426
2200
623
109
302
1051
81
159
750
22618
129
18482
36312
1301
234
730
462
292
139
9
2108
451
313
279
1498
789
50
9291
51358
51427
7291
507
521
2283
160
165
1914
102829
4806
26368
224
34
95
45
36930
195
396
10
122
593
99
1540
1161
28
503
1232
2377
309
736
337
3611
9177
12533
565
572
149
163
99
707
663
3256
2465
491
98
2504
921
1082
522
12718
168
273
194
860
401
117
34
127
3476
118
1209
144
916
283
950
584
204
395
1239
237
48
59
24
2097
374
61
83
317
2674
24186
31678
1708
9179
25148
23732
211
172
67
64
205
182
244
873
201
545
226
13106
5631
1121
11014
20989
15919
234
38952
1285
68199
914
62
9733
181
227
1661
386
280
19355
320
179
3391
1154
7961
4381
34115
94
23420
542
2701
1859
1866
28516
29647
2898
488
1521
2012
59
2852
311
1335
772
428
476
1827
957
1160
17
518
132
207
580
438
455
241
546
1295
241
46
154
156
1757
1906
1130
1377
243
884
124
673
5547
1134
4289
219
810
1649
10901
669
37161
4273
78409
342
11380
28331
717
19154
700
16768
30591
1528
2334
157
529
162
46
85
13155
533
13464
12469
2300
407
1553
327
100
2572
221
571
490
47
85
1544
1926
129
289
1179
14840
401
308
27673
1310
5199
1437
292
3224
45
20924
469
448
1148
1126
559
376
493
336
540
492
26293
1492
2740
1178
1312
69
664
2591
399
2592
618
791
115
2447
23811
27932
18108
530
768
402
116
772
415
15544
25216
1585
93
748
1277
25213
23300
426
627
225
983
362
2530
13322
1470
4016
1381
109
2593
1873
1184
2914
194
181
244
1829
21711
1748
14223
7645
3468
9619
3024
228
1453
54284
28160
2649
3539
91
560
396
14254
2222
22635
109
32960
2683
9366
23101
1330
1322
72
408
304
1927
2181
379
38147
633
15464
980
4798
13590
214
138
1353
2706
116
2476
1996
47
273
1316
563
400
381
3560
111
210
3956
234
82
440
823
3002
294
2720
2151
165
628
11275
363
495
23801
1455
3158
1388
881
25999
2079
764
5510
138
470
1042
9625
1211
5581
39
35553
1682
407
6991
33495
1752
32789
2506
26610
190
141
293
397
159
180
509
201
331
991
1056
8118
357
253
101
547
201
8721
828
8683
529
557
276
337
4448
63
376
833
201
677
2834
4936
4936
1665
100
515
202
99
2856
317
1677
549
1726
356
1186
1085
1081
1322
1522
129
2145
3992
652
83
759
1822
3299
484
109
54102
182
3039
1389
795
15209
315
14874
102
370
4662
871
9639
3
3057
167
20
33549
8257
1584
742
579
2677
3103
13522
8688
1519
884
60
4067
715
583
782
2154
2317
21328
231
432
12243
1816
397
5802
116
945
719
8813
37953
473
95351
48961
6004
52733
31253
196
65
5474
26538
225
15866
64394
1263
2366
1741
2564
3270
1445
423
972
2189
9124
1474
237
3091
378
1425
63
992
2918
188
684
215
715
573
102
142
6207
15
422
496
12129
370
140
117
218
2214
2064
4962
331
24130
1831
335
43
457
874
504
38
744
40609
4129
4202
96
606
86
589
1938
1059
69
43
753
4228
14318
533
160
23
9
3627
611
1242
487
91
249
166
2868
538
48
46867
40055
26
62
1192
199
243
188
131
1568
47184
283
136
16644
5896
352
157
374
2277
75
135
31
141
288
77
17989
38
299
4838
2442
279
57
74
243
503
757
131
486
1337
1542
10433
40
88
926
7217
285
598
1003
282
166
45188
31917
383
230
722
1849
148
5
749
425
123
151
505
3547
3051
158
1751
145
867
168
1137
663
1544
279
2998
4305
169
153
467
1233
343
486
12829
404
263
405
508
419
74
323
876
620
31934
145
238
43
603
18283
4532
70529
8398
7299
33570
572
134
87
173
125
1416
269
56852
1329
1527
7219
23266
316
132
29027
31599
10639
26189
15262
47208
125
33595
13853
557
2621
2620
549
500
792
148
1910
1280
101
135
1060
279
282
393
45
344
177
354
31286
361
1744
351
26365
8
167
873
2331
556
24
23018
64
546
623
140
348
292
87
287
1193
303
564
1251
510
148
5
2260
532
163
255
1470
1286
1537
215
126
496
165
470
422
912
737
1634
179
154
274
1732
400
77
471
580
476
114
140
211
74
1459
19609
7296
86
699
268
191
112
741
975
3548
491
1073
688
20820
1380
1652
12
186
92
202
186
991
188
35
419
10
157
26
180
284
194
585
682
60
963
913
7331
272
13541
339
339
569
792
854
94
66
329
150
157
186
56
5
199
120
45
129
6
309
453
1613
489
239
74
150
209
85
665
247
738
124
123
439
121
91
5494
15851
7452
31446
51066
351
1904
203
1699
846
364
1323
167
94
425
1611
28
504
278
275
563
475
570
10710
149
42140
1217
1180
220
210
130
95
368
163
159
1854
448
352
223
1461
145
4613
38
505
419
112
28
444
1591
1451
1907
36
275
845
427
580
21746
748
188
33
2309
218
759
371
15298
358
106
405
350
196
817
2644
4039
6848
1908
57
78
152
950
34
528
1076
87
398
1188
288
549
649
798
273
457
282
561
1199
763
126
1061
28
2665
136
124
233
573
1485
790
142
67
204
214
410
185
2457
1076
372
267
572
701
572
731
2497
110
75
28838
825
242
6
2449
1330
2011
223
2070
134
156
347
6291
716
691
1940
425
300
2284
928
75
515
712
267
451
536
425
185
16048
1197
1571
317
2065
391
2220
435
6495
8873
344
596
142
1337
3922
954
1703
571
426
110
559
5529
122
10438
5260
93
1123
401
15320
41258
22009
31428
365
403
7486
3252
540
111
8362
152
17287
30
1620
580
888
634
9145
395
22234
44
118
1309
945
344
215
24162
33719
120
30594
20573
1763
373
20901
623
12687
231
446
437
224
8806
22469
149
952
436
712
4489
58
626
477
130
11
874
23719
308
454
230
40385
24776
902
789
1572
145
6098
86
5644
437
49
238
778
40223
61348
12049
77933
87
1141
862
419
3997
6447
6061
6067
937
10508
950
1278
1381
672
14494
143
32
942
278
39751
7270
258
2407
33
1899
4586
7411
303
608
1095
52
528
122
221
624
1726
2139
1222
1707
506
606
289
641
30
6
336
2449
143
1078
121
2245
77
243
752
13735
333
398
1630
14043
104531
16444
213
629
52413
1175
7122
26163
60739
5200
61756
28932
6079
162
4692
16807
475
6942
1402
295
416
505
7178
161
141
31775
10496
4417
248
289
1606
1402
201
91
1075
756
1787
114
1560
510
1574
587
506
1280
18882
1242
440
3887
286
1025
3446
326
948
506
1194
105
5628
15
80
35377
24128
140
221
3240
6147
5104
448
2992
33
1038
4927
150
797
295
1959
595
46
1552
10697
158
180
22294
1039
95
22893
241
667
335
36486
2291
998
361
223
107
785
572
2300
405
354
362
590
1253
2077
297
951
1731
8
43056
377
3330
30876
426
1601
1498
1434
73
638
312
1162
2053
212
1357
80
13511
113
707
734
5419
349
599
113
365
18
415
372
199
512
3776
4080
593
24134
38525
1050
2603
106
2527
409
145
4846
111
3853
21248
200
984
2776
8816
3555
4304
32
7096
1436
777
286
82162
1215
616
1724
1485
12027
218
8383
100
2562
21065
9695
18
2273
456
20509
1351
58
107
1032
571
2813
479
321
402
4658
427
356
659
257
133
175
31709
160
31571
1349
43146
764
888
763
1796
1339
2953
6541
106
1242
25218
886
209
38
53
210
386
1505
13531
1011
395
80
122
60314
393
774
15
241
5452
3927
310
948
23050
30635
995
2016
34
46
1834
54
975
1080
1591
2383
1109
206
14898
149
858
2235
437
78
311
365
357
366
215
120
219
253
137
624
1059
1594
1194
76
149
148
73
2009
1780
238
61
190
11041
6201
252
1987
3059
224
432
508
248
660
973
23
621
287
331
419
298
112
54
1150
1163
64
405
908
53802
1096
30
73
221
158
609
35
542
520
193
44
1730
871
446
1198
238
130
1541
36
6611
36981
123
100
301
482
92
297
11
938
49
1372
128
99
154
97
99
72
398
446
689
392
91
478
462
581
64
93
65283
717
30693
951
422
29
1743
2198
47
25
23
1016
54
362
314
266
2473
122
1785
247
51
64
250
371
118
193
318
197
2540
520
160
404
89
125
49
39
17
230
354
206
177
43
50
250
746
65
86
56
975
184
75
278
363
189
1895
237
12
258
30
542
2478
305
401
354
801
343
58
55
27
25
161
297
182
1745
661
356
160
61
130
44
139
69
152
6
93
38
142
190
556
423
624
135
70
292
116
80
159
222
154
328
516
733
634
135
289
664
208
93
931
70
50
36
24
122
93
135
971
898
1113
305
117965
39
2
52
79
155
1193
468
184
385
400
1374
123
1714
31
22
876
82
84
55
184
108
89
39
85
1362
188
51
506
1378
1143
370
151
56
145
113
342
212
223
57
66
225
67
287
156
173
414
491
18
377
14
50
146
693
303
363
10
106
161
111
59
14
316
387
474
127
77
114
69
51
106
24
81
116
73
367
247
1785
110
110
18
808
850
106
183
828
153
146
40
7119
48112
957
40344
146
419
131
269
155
78
337
286
69
117
59
2760
172
19
26
99
164
71
177
347
314
258
807
354
25
292
383
256
443
174
84
434
109
112
39
59
157
86
228
54
62
185
122
37
87
192
1170
282
207
270
113
163
999
77
5
74
401
59
38
75
86
108
1086
94
192
25
727
399
283
129
394
491
196
310
200
28
830
216
164
39
18076
141
443
22658
14657
43
91
24726
160
213
431
34
316
26
93
329
54
147
862
297
365
298
14
328
2722
650
9470
45
95
124
566
16167
129
169
34
1516
690
114
243
85
293
254
2498
112
233
382
1604
982
109
240
337
143
443
170
226
290
161
105
153
7
150
53
87
128
66
57
156
1615
489
483
204
70
180
189
58
604
68
507
1177
404
1175
62
206
108
131
124
298
477
150
69
176
105
97
148
206
902
1160
138
82
81
351
218
268
172
465
123
24
56
100
1630
11236
111
141
106
1121
70
229
135
116
78
73
52
48
359
1020
98
36
139
32
249
614
848
1203
3073
59
279
125
120
61
9
29
24
21
62
67
58
33
57
20835
23083
301
12939
25386
50
55
25933
21
22
40
39202
687
59
130
288
70
9760
1639
3788
64
68
145
52
74
323
153
257
1307
1648
299
112
945
23603
180
79
69
48
39295
50
526
32
330
170
399
806
24
298
206
967
499
1606
263
125
220
157
74
20199
1815
101
804
263
160
14
150
219
402
19878
1987
2208
27729
2213
940
38660
26
58
1749
36
261
2148
352
78
254
3485
107
1182
690
213
1133
251
101
82
8770
83
667
531
289
356
134
67
484
44
725
38
52
356
342
133
171
31
603
382
159
1010
275
588
458
1442
547
250
2993
269
37
82
441
201
297
197
232
146
196
912
446
48
112
1105
229
95
837
463
1363
248
369
137
544
712
64
139
48
995
725
159
72
76
255
74
17
72
333
111
26
280
135
503
1952
784
1308
365
2063
479
1381
34
173
210
490
251
52
482
1463
591
212
812
153
1036
35
1244
775
194
89
97
2416
1846
167
91
18
607
6520
20
376
597
2373
26047
37423
2105
607
245
81
860
911
657
68
1
107
9201
351
582
153
159
97130
1767
21567
4018
24
39
1704
459
440
10438
2139
15728
2410
97
234
1080
31412
367
30
427
174
130
1473
132
168
1252
1648
75
40
1297
21757
93350
2635
1525
474
596
112
1200
991
101
417
323
1146
135
100
81
6116
2456
698
252
288
68
985
20892
3941
885
536
17028
262
313
67442
7470
3855
4032
16422
102
780
13307
572
265
320
222
194
488
27
112
1470
721
2042
893
245
654
209
171
52
478
53
1566
26775
26
315
607
632
21
127
451
1269
932
46
72
614
622
115
225
2560
510
505
92
1371
189
459
10647
3550
28697
81
3671
21820
60293
661
1347
114
416
1956
561
364
891
1794
1222
446
21
71
1728
119
285
33
678
183
534
23366
6193
11520
931
931
970
168
94
720
1250
812
24541
685
57
598
678
39440
792
18038
53869
948
43
792
338
64
145
2316
1587
240
759
120
650
5390
27865
1154
1451
791
68
337
1463
1638
563
65
278
1006
180
82
3219
1208
331
2518
264
1326
117
406
330
55
3366
1174
1033
540
15839
340
1934
735
121
280
132
641
42
412
788
5234
349
883
528
178
21616
14753
7936
866
4740
67
1880
970
184
1263
4445
1581
3983
7911
170
3027
1531
337
3112
10136
10275
1875
25190
439
791
750
666
961
333
886
602
2418
845
28734
352
545
1211
66
61
1709
125
8807
1788
1168
1193
166
1239
136
1319
3500
168
21156
4601
577
1654
2025
1983
3210
617
9421
358
2056
2725
1769
2863
389
83
114
752
708
299
1984
6850
6796
6953
6487
11398
5861
2668
1431
3131
190
424
547
12455
867
10
307
339
12249
58
499
996
2365
396
13925
21876
16971
324
1851
21076
389
17070
13165
1650
71
2525
1534
1111
1163
465
475
5160
29838
187
298
1710
3243
52708
12625
8054
6113
7241
91
263
14982
6577
1212
529
70
451
1750
54
10946
1042
15297
851
1389
1488
892
321
533
66390
12308
8861
9294
87
138
907
1239
657
200
953
302
16
3399
282
777
15418
9
17078
40
625
151
92048
1406
7682
89
67
14684
1328
881
2068
619
406
907
168
619
649
320
7518
382
1127
16153
373
64
92
374
4077
167
1095
817
15283
31177
33876
1034
18825
292
575
971
147
310
175
81
791
72
11822
1676
45330
28806
36888
87
2353
1738
381
57
713
316
1287
6821
320
37086
514
461
800
346
19786
560
169
787
3108
119
53
6422
291
133
932
1296
972
646
86
38563
605
152
1095
73
66
1089
105
957
1804
872
271
374
5879
464
1125
161
567
2304
2385
706
280
189
167
459
813
229
29089
958
7715
9838
1417
319
212
1381
616
83
2397
2043
285
14168
23675
114
98
7261
15484
314
491
1895
96
2237
1399
4520
67
62
39771
2695
232
1853
918
16823
92
240
141
1036
127
1594
651
173
3632
18067
88
864
34
243
856
13547
2783
27394
85
307
183
754
945
44
18
94008
4251
7847
445
15386
19
86
219
275
3288
1328
294
73
668
528
145
135
83
172
61
732
77
2
696
36011
38
876
55
109
11
187
36
8711
36607
34437
23209
18171
506
1378
1563
134
12
1045
18
229
550
302
419
1545
239
140
173
55163
5194
9099
104797
277
124
59582
144
61
28820
561
171
450
49431
1386
215
32
75
168
392
362
571
256
91
72
47
81
95
86
771
417
2067
634
198
195
737
106
96
1232
16284
4106
22
264
306
423
717
1149
1014
724
22403
288
258
65
147
330
318
87
355
7580
3968
124
994
226
47
725
195
507
109
1072
1738
72
186
864
93
528
12204
12
1698
1201
272
2700
82
341
2229
90
373
281
359
309
495
23
8940
10982
499
56
294
210
179
91
450
185
1250
410
287
158
35
375
53
856
685
8368
1494
284
15
162
174
257
587
155
72
83
1380
79
3611
63
280
207
810
345
1487
282
47
27084
18
131
444
92
185
357
429
411
1503
2190
485
308
153
361
2826
367
109
262
288
269
10435
250
948
136
1367
313
125
72
362
1455
286
484
162
304
410
305
156
318
95
183
1213
463
39904
195
524
2960
1885
354
85852
1280
38495
1010
339
18468
597
120
205
180
292
1015
98
49
629
136
165
808
203
141
105
60
78
93872
2391
969
135
181
70
104
357
751
167
350
206
58
1550
241
550
91
28
126
1169
173
1684
135
309
296
114
421
465
335
434
174
39
90
224
192
264
85
117
1117
62
417
237
401
117
159
201
199
170
89
127
118
40
397
311
59
676
6374
736
102
376
686
2717
11054
1487
176
10290
7449
17
306
368
126
317
15712
1340
184
1393
769
127
1126
2322
465
9
145
283
712
227
822
26997
195
147
868
268
424
5341
17908
341
183
1131
1653
361
139
54
49
71
94
1363
29092
239
191
796
10219
661
63
20684
22
617
384
400
465
387
8898
1845
392
336
69
955
228
54533
264
256
783
933
31
1663
134
138
17892
968
1460
201
59
1050
227
4622
1663
1203
3907
1187
4182
2121
101
814
60
404
930
31958
3459
16787
55
264
132
203
1884
732
1362
48
13180
3307
55
176
27813
462
4323
34163
61
99
3311
14189
19894
604
468
274
688
2503
6
56
13366
398
140
217
1000
74
220
309
4790
687
576
28371
224
111
6
154
7558
220
1084
374
469
3050
53
2685
1678
6048
106
872
844
75
1237
1415
796
8
17
333
187
68
30
158
246
1042
320
142
1591
285
305
418
1351
20634
18387
182
142
920
170
14766
1064
1145
2616
412
14857
2023
47511
87
5363
39
2677
153
387
625
498
1737
259
5654
20824
290
18119
6
2033
111
919
41664
8600
3526
21017
77
12643
8006
12389
20352
17561
204
2781
47128
2189
28694
562
251
950
310
2866
120
262
1579
222
54
35
43
388
960
1503
196
324
33716
19
291
457
1413
2490
475
1756
6010
1155
1098
6214
1472
108
52318
956
1163
17
66
361
93
25
69
156
5318
334
1221
2415
1325
7359
2890
2658
1150
1168
735
793
2229
381
523
181
66
1622
3178
3085
1088
289
1088
2992
355
519
690
6725
568
457
668
3965
412
85
104
1544
1393
2367
108
387
1601
24
623
112
488
118
109
142
241
56
564
1475
8
3229
1585
42439
3226
1883
726
776
1909
172
152
120
5524
556
989
1402
565
6241
1563
50
9312
794
1565
50
1601
35197
886
21282
43528
2843
8814
170
8541
447
622
6796
879
692
23215
251
1132
2353
40
3014
174
107
1224
1307
766
883
11368
245
2518
36550
68
39470
74674
8128
4976
2032
1879
41
356
80
1142
11178
4465
3975
5255
2580
625
479
1797
102
1623
856
2656
2555
6388
207
26700
304
63
29739
1182
9379
9765
101
30558
569
625
716
12507
805
813
377
897
19962
214
2057
1220
1219
178
125
1409
99
15383
2311
693
973
353
918
538
169
1389
631
1191
84
127
12256
664
48502
206
357
206
501
134
173
29
5
1816
71
28
195
3570
27874
137
16299
884
940
11
4260
320
368
2239
1764
20209
5557
3470
177
168
7612
528
283
119
176
160
545
59
264
393
9214
25516
11891
28214
701
202
15998
10731
49795
3579
3112
35190
77
1357
1689
15173
1002
21
515
123
737
4682
64
2864
135
38
101
1501
33
2076
4125
188
423
134
6228
819
16
5564
400
53
396
289
112
516
311
1615
40
863
285
49369
1167
140
535
8065
216
2078
676
202
1628
1116
2720
428
210
900
480
139
333
309
25747
34
802
367
1087
4641
2093
34683
3751
18119
14610
6590
82
1972
1060
407
5370
35930
174
7350
24567
5590
2370
10821
3762
16907
85
26868
10174
19895
133
60188
6507
26363
407
5743
6507
263
9211
13991
535
3192
187
917
249
1818
20530
9106
19777
443
246
587
126
125
616
188
1370
13872
14226
89
167
172
59
752
775
1213
112
382
137
409
59
146
120
326
669
137
199
611
503
1888
504
471
940
72
577
990
605
1941
650
187
439
1060
418
156
514
1071
1633
278
517
217
260
290
200
97
1070
312
13728
12459
1930
225
523
72498
236
20722
31238
23706
418
756
160
376
151
170
344
950
1813
3531
36626
91
227
3259
49
1961
87
19322
11205
33044
2195
50
68306
798
3046
32140
44319
79
26732
117
2557
28
1102
14368
503
377
45254
635
587
1478
439
536
157
1203
38
9398
231
1206
116
666
18291
268
280
88
291
1521
370
78
13832
1472
2071
65
818
810
1233
6860
3022
299
395
3810
805
38311
79192
77
662
3397
88
948
575
737
1411
19900
1176
2515
1144
931
3022
5798
1954
124
749
950
522
824
2192
283
957
796
38760
22383
1760
146
2213
1193
33
95
9128
943
2180
208
889
932
607
140
1255
4377
41455
1011
29723
377
3767
303
738
79
107
92
128
588
201
90
565
2243
3351
559
12087
36
1077
4332
3850
113
3822
2904
226
1567
1020
733
295
1795
472
1720
972
2180
1078
321
836
216
12353
273
4604
1500
203
104
6763
144
25533
155
122
267
4415
537
911
246
952
7
479
381
1033
1324
725
1477
234
5158
2194
1806
230
1204
22492
5311
942
1367
1248
1354
937
115
1017
640
2627
26089
663
635
13511
1843
27515
9
8691
72
682
417
33108
813
14772
2437
110
10361
599
2020
984
5121
3171
7349
35880
154
219
3709
278
820
2437
6262
1214
19204
7533
41972
291
11227
2439
117
2846
21162
2615
10701
2755
61
71
272
17649
1036
30257
1878
991
1948
400
340
243
32331
2090
154
282
12271
9657
80
366
140
541
13577
1066
82
104
2375
526
782
1211
1276
895
1861
446
97
2805
312
2474
188
520
2766
13
874
46
346
28
2387
2149
41596
1499
356
23031
113
684
669
69
605
876
2202
1920
1586
35367
267
2082
527
22200
3267
62
1397
1883
5061
1733
11440
25500
282
454
12062
1457
21653
291
245
7105
10157
44
230
72
36005
31767
10457
3478
320
20562
11
1485
90
488
3907
748
215
2048
927
810
116
236
1555
197
309
40
6088
9355
498
80
123
152
9773
114
12185
12421
3040
17614
143
551
807
27
15
306
114
2470
2689
1556
1184
10774
6020
49
2625
78
26376
101
2493
405
46
406
261
1029
246
1689
449
3805
455
4157
258
704
202
115
2086
1754
474
192
237
66
92
428
660
822
369
64
562
1717
1212
827
1490
2109
37
3277
53744
1913
489
944
10540
206
36035
15399
1637
466
275
630
5574
446
387
781
335
4024
7240
3978
1171
16950
44
1986
1017
606
285
53
734
2175
1629
5094
496
156
304
21551
249
1365
146
876
1087
475
6219
1787
5521
913
337
150
160
27
357
3110
86
264
162
1524
1963
2828
420
21
86
1
916
190
291
1132
183
228
7691
155
1478
1225
62301
1792
626
174
37854
9792
185
23
443
679
488
1567
937
47791
606
1430
494
499
82
2327
1285
105
452
3460
47
1144
40
389
13956
86
77
714
21357
721
3505
1337
97
2422
333
19292
66
1179
169
437
16353
1045
605
297
1268
10919
2261
519
512
7784
27667
12350
74
1143
1874
58
224
310
723
1061
19417
717
10799
1037
2150
33693
215
206
207
18541
38298
16320
65
1430
625
650
205
637
1729
314
463
921
106
2092
679
3224
14
8564
2863
291
23367
241
16496
118
999
1229
853
1863
288
5503
657
500
3770
7203
18087
1486
1601
560
5523
172
7088
1789
764
154
239
925
728
787
106
195
979
848
2462
2158
117
4978
17873
1759
1
34425
1016
33215
1
1901
1712
3420
1586
909
15510
131
103
653
22227
23
518
1305
53511
13430
129
61
2130
6158
1329
21209
22054
680
1538
2424
6995
173
24606
570
30518
359
85
68
2476
2827
595
88868
915
2047
16838
277
2222
22598
14221
59
689
1421
8442
11262
385
14632
53
38151
351
10544
2427
15
2953
44114
1198
28000
297
33412
3725
681
166
40553
11265
240
1224
33
33563
7631
7454
595
200
318
8918
372
65
2735
127
658
1094
1172
21958
767
662
83
18
20652
568
321
2074
9251
72
740
28737
11421
4886
23693
2296
2654
132
703
277
381
1056
566
3424
28173
69
99
21505
274
346
9142
352
112
12723
979
21
269
184
105
1540
12056
40
173
18051
30
11388
1179
511
1503
254
136
1144
569
462
34550
4
2045
487
2204
1029
405
181
142
534
4220
5944
57
3037
882
683
71832
15247
2812
597
7717
57
9806
1930
6726
44373
995
345
579
224
2665
352
1188
83
338
40
16006
5982
1150
52
958
662
1172
114
443
1424
517
2002
52
202
539
286
8380
1325
108
2658
423
3291
876
1470
1428
116
714
390
125
1550
260
105
270
182
288
3631
467
553
11625
1680
10556
4027
22027
32604
5010
24568
373
1472
34787
299
223
44864
603
1191
26027
503
88
861
398
6998
432
309
763
128
1211
980
117
18989
215
1214
24976
8354
173
3345
563
3673
250
3607
1383
277
675
267
274
1978
878
99
1180
1999
136
19
1160
1095
40018
2010
4673
9816
4661
2545
36172
2204
45304
506
123
21178
12119
35060
193
140
144
83
4795
2661
18991
43144
19034
