522
1197
711
1377
1905
288
354
1272
1473
336
1455
255
4770
1914
411
1953
1416
1767
1002
777
402
387
609
285
2634
666
972
807
795
1737
1044
1233
330
276
450
1992
2313
1104
627
372
522
1701
1614
792
792
693
789
1632
696
345
1650
411
648
1185
333
1536
579
288
1053
1161
951
459
744
1023
1305
1401
1428
1344
570
870
966
1596
621
639
990
1521
1344
300
990
696
1158
1146
789
3942
834
696
1545
1224
303
1029
1110
579
444
6690
585
2619
1254
267
438
1551
1242
435
567
444
1683
2469
810
1701
4719
1134
525
1041
210
282
237
1095
1044
3633
2355
669
297
867
657
1341
423
1059
1560
807
2184
720
423
2985
2367
2658
864
1467
462
1719
1848
399
588
627
1335
1143
1089
1938
2439
1893
246
981
1089
1050
528
408
471
630
972
1278
444
1545
444
201
3513
2907
399
423
2037
648
843
951
852
492
5403
1239
1245
1824
1566
303
516
4155
444
1347
1815
1743
1041
1896
1170
177
2964
2397
2247
1158
948
366
1164
1314
801
3066
1536
1002
1284
1161
267
873
1566
1146
1461
1035
603
1140
315
1440
2295
1362
2901
711
543
1002
327
3264
993
1722
411
660
285
1287
1218
1314
999
1569
639
948
822
471
444
261
1620
1098
276
1218
1272
1587
1350
1734
876
291
1458
1212
300
1362
3657
588
324
1692
384
1293
696
1986
273
1569
1089
2268
609
417
417
969
5310
5106
1224
369
744
1245
852
726
855
360
735
270
393
369
1167
756
579
1671
819
1308
1236
219
393
891
981
900
735
552
1821
1104
564
549
2892
897
1332
2751
606
642
240
387
741
1638
876
237
315
1161
714
846
1419
1173
3300
1926
297
2913
1083
1374
3777
336
1386
2130
1836
6510
687
2163
2109
792
711
357
354
315
2283
372
369
1161
1296
1278
1122
1140
2763
1728
1071
1404
405
5640
1236
1611
1332
1191
555
2529
336
414
1239
972
1674
1029
3474
417
4398
2562
819
3414
705
516
696
981
1857
1611
363
4719
2172
1173
579
1548
876
1227
672
1224
1275
747
1668
873
1326
399
1071
1491
2352
423
1659
1542
2586
735
1062
1173
1875
1521
1065
1092
2850
3087
1575
303
342
2160
780
597
684
624
975
294
264
10350
1080
1788
411
1851
354
1593
1221
1491
1395
1056
2310
1113
3645
2988
1314
2628
870
528
783
1743
1662
666
1863
1281
2175
534
3405
651
819
1530
1527
393
1197
1059
789
381
1494
1551
834
789
1449
1143
1626
1296
1311
1278
984
603
1821
2220
2319
2442
1296
870
1095
1674
603
579
771
4356
981
3051
645
1152
1149
4185
1986
6522
540
2844
2145
663
615
480
510
2604
333
1092
2526
1908
2343
285
1755
1761
195
975
1509
2439
1212
1374
2064
3705
2931
2109
549
411
1449
4353
1410
672
513
777
1272
1962
933
294
1077
837
546
387
843
486
654
1974
804
1524
2730
2352
1845
978
2238
906
330
999
591
363
1125
417
954
840
5688
2226
1362
1215
357
1776
1461
588
1044
1374
1089
987
1254
714
1080
606
1029
774
510
327
3840
2091
978
735
1110
1362
252
618
252
588
1710
972
2511
597
1251
4932
645
825
1293
618
912
426
267
1419
651
294
2511
588
1578
2424
618
912
426
267
333
537
3168
486
984
324
306
2586
678
636
579
1659
756
2112
1161
573
1269
414
1068
1221
1143
1698
1725
585
531
4269
3633
3360
1044
1362
1257
2934
543
528
741
918
393
672
618
555
549
2577
336
435
1260
225
219
1875
414
315
672
327
558
957
528
393
345
471
386
894
546
393
483
528
339
462
1284
465
774
2655
1122
3291
2595
441
1362
315
2448
1761
1893
303
1470
1734
678
822
1341
843
612
783
2901
1542
3006
1017
399
1005
1335
1023
909
729
600
1344
4254
1644
1632
327
1197
2556
1536
1494
783
1911
1068
726
1053
429
690
753
828
981
729
1770
2766
2322
162
1101
357
1428
3351
2358
3588
489
5727
1185
492
654
885
1152
1266
1242
1470
1833
3294
456
330
816
768
1977
2718
2175
2772
444
408
279
969
546
849
438
2025
1101
624
1218
2748
2454
537
1464
1926
1869
1092
969
429
1158
1533
1341
390
4377
4731
1485
744
282
1170
279
945
1167
1890
1341
555
2139
1539
630
1239
1128
603
450
2289
978
678
2451
1587
915
1482
1305
1083
1098
2073
2610
414
1881
588
3318
2019
477
810
837
624
1416
741
2862
1365
1092
3183
1434
1065
1080
693
978
846
924
834
531
336
930
345
1623
2226
555
1029
1104
717
1380
2742
2712
867
1332
471
405
618
1443
726
540
879
1806
1173
963
456
1053
1029
891
1545
519
1617
1281
366
2079
1056
759
375
2283
1383
1359
1629
387
1173
819
993
4104
411
351
384
372
1251
783
1074
1155
1416
2145
2265
696
2214
1104
969
447
1086
375
1038
993
618
1719
606
285
960
1002
3072
1944
2214
2511
1431
330
621
1137
411
735
171
1773
885
4806
558
1059
1098
1176
3936
2796
2415
867
459
474
9282
3825
1689
2733
585
375
465
870
213
420
507
459
3534
2931
2028
3420
1365
384
2901
636
441
906
1863
663
807
756
1044
420
2565
465
1242
336
1068
249
630
603
1032
2187
1284
1791
1602
906
1323
495
1299
1092
1956
1281
1257
543
402
405
1029
1752
1233
1104
966
873
1653
1044
1083
513
411
2304
1980
936
798
639
1932
579
2034
1524
657
348
156
2052
429
831
1581
1026
1359
1611
1074
1473
627
1179
1320
1515
690
2379
624
1677
2025
4107
438
3042
954
1608
255
714
417
657
993
2859
2514
1404
774
480
3927
3450
732
678
2595
1017
2556
1170
1662
588
852
825
747
1065
489
543
489
540
2106
1602
2148
453
2655
1737
1578
915
2187
1575
630
1200
507
324
1482
981
2445
1593
957
2571
2928
2847
543
3039
2340
354
3270
516
3060
786
684
4023
663
1914
564
513
672
1053
765
408
651
858
1626
1632
1350
4032
2643
702
1845
222
2784
1677
1230
1545
1086
2328
1110
1368
3222
528
342
2172
1542
3888
1986
2007
1647
912
1017
3831
951
5337
1080
1431
876
1428
1368
4002
2073
4341
663
837
3894
1620
2070
1077
543
2136
531
1053
669
810
630
1686
549
3774
2346
1674
1119
1020
1011
1329
456
1191
1809
1143
1545
486
3102
2004
588
819
1101
1149
1128
1335
1278
1023
339
999
816
1374
2232
2352
2907
510
438
447
657
669
894
3213
2322
744
1290
1044
930
2766
2433
1389
1716
1041
1380
1809
3678
537
441
909
1515
777
2157
2862
624
618
1587
1965
213
1581
2016
2313
1662
393
1062
2559
213
2136
2988
1908
1944
933
396
537
1125
2238
1980
3390
855
1677
2910
2676
1635
1647
2103
771
771
936
1203
1479
2907
1005
927
858
912
1206
1131
1440
1515
1713
1539
2169
750
3831
798
507
312
1995
2028
1875
567
675
696
1170
606
267
222
300
732
543
1827
2145
825
1191
1959
1233
1740
1023
861
1518
2862
1515
1482
1254
990
3846
3183
1377
2082
411
3756
867
618
399
1245
936
369
1251
903
2505
1929
1101
1053
1362
1548
4548
546
2700
546
711
708
1359
1125
975
1269
354
669
1125
627
807
2478
2202
1584
1230
2754
816
831
951
759
3258
801
975
1962
1236
483
3534
3669
3606
651
273
1140
381
759
945
3876
1080
2028
1860
3783
807
1674
1353
915
315
789
1899
1716
684
855
2160
3864
2709
1338
1170
525
201
1020
1290
1380
1848
1035
762
753
2370
2493
783
1215
5418
1710
696
621
807
714
1725
1530
423
2154
618
1806
372
1110
240
1443
1485
2784
1083
2556
4071
951
1143
339
519
2724
1632
5535
6867
1422
564
879
1896
1557
231
306
252
450
1050
975
1665
528
2808
1944
1878
1035
3447
768
639
939
1773
480
3837
2055
216
2925
882
264
2676
1065
1110
351
726
1677
3396
1107
906
2409
1251
1329
1800
168
1518
414
528
519
1089
339
321
2568
1830
2682
1569
222
1680
879
1032
1425
267
555
1200
750
372
729
5364
945
978
228
4419
1596
369
2676
3006
1632
693
1170
1131
1035
1209
717
1917
3744
411
1842
2994
816
723
423
954
600
1092
1542
2631
822
438
1653
1662
1590
1644
2421
2004
1359
1041
4695
4482
2976
3786
1359
1974
2706
1032
1011
750
570
729
516
1665
1374
333
3063
1128
1767
1440
1308
459
471
675
573
192
3108
2970
345
456
378
1200
489
1164
1035
2001
1335
261
1725
1632
192
261
429
1563
513
1206
3324
315
1107
1215
2622
1173
2286
312
639
447
4257
3663
972
1116
717
870
612
2031
855
669
822
285
1461
1431
966
663
426
1581
1161
366
282
339
1884
381
888
1479
2103
1437
1770
582
483
642
966
246
381
1203
1659
1365
1041
2217
2199
285
438
468
579
357
453
4290
264
975
498
3963
633
402
333
2490
3795
4611
405
192
1200
2241
537
633
261
210
477
828
1335
681
276
498
2319
294
321
441
798
261
351
846
669
453
1449
705
735
669
1398
1134
762
555
408
612
339
438
315
336
318
518
1023
897
1149
660
687
738
609
690
828
369
717
753
255
273
336
1197
1338
1053
450
375
603
762
807
699
552
279
408
534
687
756
339
324
384
813
378
825
399
429
282
594
1194
510
1095
300
438
459
765
387
444
1563
357
636
993
1245
1053
1002
753
1536
552
417
264
186
831
2601
522
2070
867
1332
294
1230
1080
1545
1209
1395
1692
315
1107
1719
882
1326
309
375
414
1404
1146
1527
1632
2331
507
1833
432
177
972
1233
1209
1209
1443
855
1008
3375
1671
696
501
1863
750
1206
876
642
489
711
1338
621
312
1113
261
621
720
975
759
1950
3186
2871
681
1908
1449
444
858
354
513
1536
1083
717
609
1677
774
1827
810
387
837
558
711
609
294
270
414
222
519
654
687
720
621
1518
846
1227
2166
1584
1452
1077
1221
1284
2220
1209
513
1239
423
483
774
612
2430
525
2172
585
849
1389
1212
783
555
1170
864
315
1377
2022
2142
1566
315
2238
2349
2052
360
393
1941
540
816
309
438
759
279
582
309
270
279
654
576
282
378
510
666
159
660
834
1920
639
666
333
690
1389
1362
534
864
1188
792
2061
303
315
939
963
906
897
852
1023
1545
300
2085
2016
1302
1035
345
639
705
366
1299
252
978
561
456
2085
474
438
1449
462
1227
1545
471
1539
1449
348
282
441
1992
447
1545
1821
1443
990
246
237
1902
774
300
1320
1227
909
420
594
618
309
726
4002
2814
402
255
927
561
411
2340
1182
2103
2286
540
891
456
2589
699
582
1362
414
636
711
303
1023
1359
855
1515
1521
942
474
1368
1737
1275
2721
2112
1545
1245
546
459
378
1158
1455
750
579
615
297
1944
2541
342
2451
294
444
312
918
1263
966
966
918
3495
1512
600
1440
1311
2049
1758
1620
1842
1155
423
1020
1479
435
1116
1539
780
1065
855
1395
1422
600
1494
1302
891
2943
3243
2976
2895
2670
228
930
1425
1749
912
1110
771
222
1485
900
2235
1755
963
1911
1677
1236
402
2391
1416
3357
1722
630
1293
1452
1122
2820
1212
2136
657
345
1191
540
363
2103
636
858
1254
555
447
783
564
948
6330
594
2226
615
627
321
765
993
1155
843
603
1761
2358
819
2709
927
1092
606
2298
3627
2358
849
372
1434
2301
405
300
1032
1086
1281
453
1701
1386
1833
2337
2028
648
315
270
204
474
1428
381
648
2094
2670
321
234
1596
3819
2208
339
846
1686
1137
921
255
2712
264
933
978
1971
1713
435
2439
2418
2496
969
1278
1896
267
1332
1506
669
2796
579
396
2868
1311
1320
1050
1089
975
678
357
549
1053
2337
1797
2064
1713
318
666
789
2748
2823
1311
2163
882
996
273
315
1416
546
267
996
780
1854
384
1341
6678
564
459
549
741
3120
441
1533
1158
1683
2613
852
693
1653
768
927
3696
546
615
2706
1656
873
4758
4674
1575
312
1389
1026
1032
762
2448
258
1998
516
291
702
828
885
1038
1194
645
864
1620
1983
342
156
1488
405
3075
279
2094
1044
249
1578
2124
240
3864
1437
339
576
1242
1065
783
1044
1797
1713
1347
717
2220
372
3681
1047
1524
342
240
684
756
240
321
291
183
303
954
1242
942
843
1308
636
855
777
738
1767
726
774
1545
780
1527
366
183
303
270
453
1275
1974
1308
636
654
1248
852
873
624
792
2610
321
3063
1437
609
1545
636
357
2691
579
687
855
1290
672
246
3273
543
2403
1428
1986
2301
387
3339
1287
1452
777
4155
918
276
309
756
345
2085
1740
1494
1146
1629
2961
231
3231
1131
1719
1065
309
1647
366
1401
1089
5337
303
969
906
693
1155
1203
447
432
438
429
1620
1557
483
2454
546
951
624
543
303
2259
2553
1854
2007
459
1044
2460
738
300
573
177
912
594
861
327
1458
852
579
2409
5070
435
255
1068
270
327
522
408
828
414
390
1299
1410
1479
192
396
1227
456
1326
1893
1539
1128
1449
1062
966
300
249
1554
216
975
1542
1383
321
360
798
495
3273
1401
1491
1851
1464
528
345
348
414
261
1050
813
498
975
405
906
1542
339
534
609
570
300
387
549
393
1662
1248
1197
423
2928
306
936
390
357
672
1593
381
4194
948
1437
279
615
276
749
258
513
618
543
903
222
546
252
255
435
312
984
732
576
3837
453
495
969
687
1566
1569
1011
264
909
1230
1326
885
393
375
1323
915
1662
717
1533
1323
1242
942
1614
1374
981
759
1698
2553
258
1419
234
597
663
315
1719
2055
936
1950
1644
1641
648
4851
4455
351
1371
324
4491
198
324
1326
1239
708
2085
633
1323
1293
1368
1881
4857
345
444
303
168
1098
4860
408
339
702
186
5124
1179
990
354
1110
870
420
1626
1503
1800
1140
540
1035
972
1035
1068
660
582
963
771
1221
1038
312
1335
309
303
729
1842
789
201
276
1422
1401
1203
1044
2958
654
2298
4353
765
1395
1206
1635
1524
1245
1680
1368
1170
1842
1155
153
153
789
699
1296
1020
312
2517
594
1113
711
738
1470
303
2580
6834
2883
585
600
1320
387
945
1977
348
1932
990
885
756
840
489
873
1131
2892
936
4479
4578
8034
381
240
249
555
597
2880
924
1071
1638
489
1536
672
1689
978
489
630
411
363
1194
1899
1113
843
459
882
1359
747
864
1896
642
237
1389
624
978
900
720
2640
2739
885
822
1050
801
924
1038
297
2838
351
489
648
588
1734
4197
4083
1002
954
315
480
411
6057
3051
201
1317
2583
1680
1431
480
927
576
2115
858
4791
1236
1104
354
615
807
2742
624
399
1059
1602
846
852
402
651
162
1701
1296
921
1476
1788
1941
1728
2796
363
2595
453
282
2169
2673
837
906
4092
834
627
1371
1110
945
1026
1035
1056
1617
2805
3303
1017
1029
981
810
597
978
1389
1137
816
1449
1257
1245
738
1848
1425
1692
615
2541
2319
306
306
1434
555
2232
924
1689
555
2544
1614
1104
396
519
1578
1173
1779
1128
2523
3306
939
1173
2406
1689
1617
1839
1482
2532
1074
1053
264
1125
456
1971
579
2961
2070
5838
828
408
954
882
486
1782
483
585
3255
2961
825
312
1632
846
1407
1836
420
1071
3717
5220
456
327
1575
864
306
867
3882
1401
1944
1266
1053
486
540
537
210
387
372
1266
1773
900
411
1539
1146
852
1119
1515
1305
2778
1680
3120
378
1527
2352
3249
1506
1158
963
1707
270
1278
1365
810
1101
1290
363
222
3183
2907
162
354
606
2007
621
1470
192
879
552
561
954
1026
516
570
528
741
528
1200
366
843
810
948
2379
528
3423
477
1437
1029
1113
255
249
315
1026
1101
1785
1428
6333
450
204
210
201
219
624
1311
849
627
1380
1212
1467
942
1284
864
951
1833
843
423
537
1302
300
2313
840
789
432
573
1308
1848
288
1365
186
363
300
1296
1290
192
993
309
441
1608
426
762
552
3966
453
1395
1044
267
1263
1917
900
618
441
303
999
3570
363
2595
567
1968
1134
1281
1110
1620
1074
678
1212
786
609
864
681
1455
321
1455
489
1914
1197
957
861
1563
966
3402
2736
996
411
240
1179
1401
1066
216
522
618
261
561
1203
801
1137
165
492
345
693
558
489
459
285
318
786
705
537
786
321
786
255
519
1350
1428
330
3006
1731
867
633
1902
1536
327
915
1533
393
759
495
1530
1455
870
519
288
1557
639
1578
1224
876
444
1185
2031
1323
366
546
384
1512
483
582
2136
1983
1098
1224
249
3108
1416
1368
846
801
1731
801
3390
1788
1677
975
837
876
1065
2229
1353
1437
1500
1257
330
561
1827
543
339
1353
297
1116
1239
819
1125
3483
552
729
1257
1701
567
1563
1437
165
1470
3267
714
459
1824
2061
1518
936
357
1671
681
708
1959
1611
267
2739
3519
1101
1281
243
2742
765
792
1113
1197
2052
459
1545
1005
1773
939
717
183
3216
327
3225
2076
1599
1932
978
3180
759
1047
1098
1107
2238
1998
327
2085
1098
1317
879
2538
1161
312
222
951
1110
852
648
1029
936
1032
3000
609
324
1269
1281
459
1200
1431
213
2307
1641
1215
651
3312
498
618
414
705
1647
339
330
369
1209
1593
939
699
336
765
510
1209
504
555
672
4491
405
363
324
2655
2091
492
453
1413
2052
441
909
462
1068
1389
1077
924
1512
1416
3180
300
708
546
765
978
1161
687
249
864
411
333
1500
297
1554
1002
879
1764
1653
153
567
1764
1542
579
1356
1428
1428
438
360
723
213
171
783
678
768
678
615
726
1341
696
681
288
1701
987
1299
2049
924
300
1770
345
1548
495
657
309
243
378
510
669
1551
582
741
657
258
1950
819
777
255
240
1242
531
1554
270
696
1554
3963
1290
618
435
369
870
792
741
618
1767
2040
636
540
429
396
369
330
528
1413
1308
918
417
1830
2655
4932
2331
381
1221
2322
390
1128
675
666
3594
174
1302
195
1302
285
327
393
384
339
3081
318
915
1062
585
768
897
1485
1194
345
909
723
378
453
303
1482
639
819
6087
4254
2127
270
279
609
303
231
456
567
1056
1698
1098
1380
1482
1164
261
2310
2124
411
2553
666
1494
660
300
1152
837
564
504
954
336
2115
285
1164
357
888
870
3765
423
315
999
4848
324
2187
537
1155
1218
1086
927
426
993
987
987
1014
993
1209
942
1446
1239
1434
1863
1389
453
228
381
1818
906
1092
957
4845
3549
1251
279
684
324
294
447
450
2070
420
792
786
3273
687
6723
2325
993
1173
999
1524
1686
1206
1293
1131
909
1206
1794
621
1002
885
879
1182
246
1221
1203
1203
852
813
1881
1683
1140
858
2361
1425
720
597
726
939
879
1233
528
759
918
402
639
1107
2604
324
867
933
852
843
867
684
1026
234
1233
726
600
360
396
1737
1839
1683
2529
1719
3615
582
1473
582
1092
861
306
516
636
159
402
840
672
750
2349
957
771
528
402
468
2178
296
558
1287
840
2622
1221
1956
1737
1194
783
720
363
3009
2037
360
684
2724
426
492
498
180
960
759
600
1161
1347
1587
1155
3210
1554
681
498
1629
4215
1248
2313
606
1296
324
435
201
555
675
1299
1434
207
249
3789
1398
897
342
405
399
366
1353
513
1665
711
345
246
315
600
3285
2943
237
243
192
6996
855
570
654
186
1251
1587
330
1185
1722
426
837
3015
693
720
738
990
456
216
576
1803
324
1710
2037
570
402
411
1083
591
945
624
572
1114
1443
288
645
1149
2328
2424
948
1023
1002
1665
330
207
438
972
504
261
1179
465
1527
1716
1344
1572
4341
1206
1449
1209
1923
345
1608
483
711
1050
2067
1596
1344
939
207
345
1638
366
376
1773
399
525
3831
426
210
3084
1599
1392
348
1143
1209
354
1602
303
810
3717
516
531
1980
501
762
246
369
1551
1488
1383
1662
978
2268
1458
1611
1320
255
2058
714
1026
1020
495
483
1569
210
720
2082
1794
519
456
1221
1143
2814
1173
177
402
1962
1227
465
576
411
1443
1851
1851
300
813
1821
1458
417
330
426
4356
1557
450
252
663
975
1659
204
1833
1707
2652
435
645
678
1512
1425
1620
678
855
312
438
318
1542
1059
1278
969
303
3324
3150
2799
3255
651
669
1995
285
1749
1431
969
1275
834
831
756
309
201
528
492
2688
777
4119
369
177
771
681
387
1044
435
831
1530
1488
369
753
993
1521
975
975
2403
306
693
1041
366
486
2196
2133
2271
789
687
390
591
1476
996
996
921
333
327
2748
1140
468
831
2325
3081
528
969
180
1599
573
1260
975
1788
474
2007
234
1524
1101
798
414
423
315
1854
351
1515
1101
816
609
384
528
825
261
315
1314
3966
1956
2271
2220
2307
1311
2421
1008
1800
813
669
1800
369
2394
1296
984
1044
1191
984
1023
150
1119
993
873
2862
738
462
462
462
11493
336
1509
1344
945
1080
1317
330
1347
1119
756
300
534
756
1935
1014
1962
5004
2358
1107
798
231
2361
330
951
4059
1881
1776
1422
1341
885
777
1563
192
543
735
1455
393
1104
969
867
249
1245
731
303
315
189
1398
1083
681
228
2241
1101
159
1488
3357
3204
363
285
1149
987
609
735
288
1560
1002
2937
2163
2652
3261
768
606
2580
591
924
978
759
939
1152
1026
1611
306
1971
321
1455
1668
321
855
2274
411
651
840
1047
1032
357
3501
1686
1317
1620
1050
528
777
3510
2046
2187
2427
1128
1728
1419
987
807
1245
2040
1032
1920
429
486
387
3072
2463
1713
822
1281
486
2064
1026
2106
1209
1275
1323
537
456
609
1596
984
1437
666
1125
978
1080
807
444
237
1023
1644
999
630
1362
1365
1389
849
1086
1416
594
858
1500
462
924
876
675
1116
1278
969
300
3378
1389
594
873
387
198
993
732
909
786
1083
753
747
909
408
2994
1020
732
417
1614
3240
1140
1194
372
414
414
411
798
1314
2178
1062
471
219
651
2058
297
393
2223
804
351
933
1068
897
2130
1101
2400
897
1065
843
909
1371
822
1002
1110
291
195
972
2013
2817
1110
1101
1125
630
2664
1245
807
1020
711
534
2538
336
1593
861
744
921
1926
711
633
981
2298
1176
891
570
714
1719
780
546
1353
1008
888
870
1737
891
1293
1299
1536
159
378
900
666
378
540
1224
1170
471
1638
1344
1530
405
1194
927
306
804
387
351
399
912
822
1269
873
3393
987
651
1563
915
288
264
1341
357
1062
822
690
660
351
1776
879
255
174
1638
1359
411
2439
1161
1266
1443
921
864
444
279
1365
1644
279
909
1668
2730
2880
2172
657
1389
489
489
1833
1875
2019
2382
1728
1749
474
1431
1890
219
894
4638
1629
771
618
948
735
1212
927
2451
780
993
993
438
672
1257
1656
1410
495
1404
2607
549
1554
1296
849
2232
1710
621
1146
363
456
351
1443
876
345
447
351
357
288
930
180
618
999
807
1533
1365
921
417
879
402
2070
357
888
2652
2169
2811
816
462
1608
2160
651
651
948
963
1098
1884
597
396
1065
1371
1554
843
1047
1272
657
1209
1323
265
1710
1287
915
1131
591
834
888
1314
1443
1266
1170
1062
1233
1107
1308
1095
2469
1869
717
1491
969
552
1122
1404
1566
738
294
342
1353
435
3888
198
447
1398
1041
1752
570
1425
1410
1455
1236
681
1368
1362
1305
780
1050
369
345
240
861
861
834
228
2931
1626
464
1458
1308
1194
339
567
1635
1407
1923
1125
282
339
312
321
921
2283
1740
840
780
1926
1800
336
375
567
468
1326
1284
498
420
333
249
292
402
2127
825
735
183
216
414
2613
885
1119
1950
363
1050
426
978
981
1422
522
438
585
528
723
267
570
1521
432
351
564
1389
621
564
1008
2673
339
2619
315
1029
429
378
618
708
234
315
1113
300
879
483
519
2580
1287
546
723
279
753
2142
2025
573
606
456
418
342
2022
375
876
732
300
330
1515
1860
3432
315
879
699
1398
1032
414
972
831
747
315
531
273
1146
633
2019
1728
1272
705
1272
1101
1320
1389
900
672
243
1518
723
861
765
231
186
4482
4434
1326
1518
1311
315
441
237
237
3306
480
516
345
1614
1101
912
909
282
1017
810
576
843
576
507
750
1305
492
810
1305
1596
672
1041
507
438
1368
1296
579
813
678
297
531
1014
1491
1539
1362
1362
546
903
825
1476
387
1326
1776
864
2730
1098
1320
990
1020
645
207
2166
1290
576
2232
516
723
612
1233
1578
492
1575
273
1335
1749
1974
2034
1623
1794
1827
2409
2364
576
456
1230
300
978
477
441
981
7698
813
654
1353
480
225
1065
1161
462
777
975
618
1593
1539
1380
429
1341
561
480
2655
1185
1002
591
435
189
534
2340
2874
1680
1338
1329
1191
915
477
1158
2532
948
306
216
288
294
6429
6192
1686
1398
567
615
576
492
1410
411
2091
1524
270
201
1299
720
306
1455
1251
1737
1401
249
1401
1851
2235
1065
1806
1755
1452
768
1776
1620
2385
543
711
1146
624
315
648
1146
972
528
1098
621
537
693
1131
864
225
339
1287
1473
1980
1683
534
3141
1530
2202
1665
747
1722
1227
939
411
2427
270
1734
1614
1362
1080
1578
747
1017
1239
1383
1389
1047
564
3912
768
2061
1677
2424
528
255
1059
417
321
888
822
759
861
381
675
1176
1080
273
543
1191
897
1392
342
981
2964
3207
327
960
2325
684
594
1485
501
648
363
204
3315
1470
1980
1479
3627
3408
1206
672
180
179
351
3273
3759
3396
2160
2973
3357
1218
564
2034
2079
1854
687
2511
2085
420
2061
408
447
558
4476
276
1749
405
3036
2844
666
1551
2175
996
1104
1029
1497
888
1230
474
702
1260
990
1230
264
1416
987
693
336
1263
990
1128
1521
729
348
408
411
1257
630
1116
333
2430
1584
378
675
1374
795
1275
1695
933
855
1263
612
936
1371
984
315
426
237
207
606
207
1044
825
825
516
1170
282
660
1836
2946
1443
681
171
741
2019
390
237
630
1362
837
315
570
528
1308
1488
1155
2667
2214
2337
1686
324
660
261
1125
663
870
633
1206
975
855
621
897
330
627
978
1104
1662
1113
624
645
564
684
1374
405
513
549
489
1113
330
720
810
1293
2346
792
888
957
711
5058
1269
1572
1011
1482
678
2007
759
921
921
807
330
1047
756
1650
1542
1596
1230
1551
1116
1704
717
1095
393
297
3066
654
1122
381
378
1287
771
201
3393
2289
990
717
1959
1938
2373
363
2316
1170
1029
669
627
867
819
447
951
867
945
1308
1239
945
1320
615
612
1644
1995
756
1053
930
258
330
579
585
576
459
816
1248
1407
3765
663
912
477
2352
2409
1860
393
414
375
894
387
1437
984
1782
1350
660
531
843
384
330
1290
1473
1374
1008
1182
690
1224
1014
849
1686
2925
1044
690
1332
3489
1311
2286
585
1167
5511
759
711
876
723
978
1857
1533
219
2901
561
2271
2109
585
219
924
1257
1554
1464
972
474
864
1482
1260
321
1359
594
1080
3279
522
813
1644
966
231
432
1020
3891
1035
363
1059
840
1482
465
570
2034
690
1215
1998
1170
2661
3261
888
2415
2001
1680
1506
1734
1731
6267
1092
1341
330
1821
1269
1704
507
2046
492
2433
2646
492
1428
816
543
1050
1470
609
498
2064
1413
1251
1107
7869
561
1995
1602
267
681
1587
1815
3030
2010
786
1176
1875
468
1044
366
405
1776
1959
6888
777
3837
1611
3219
1125
732
1122
243
348
2526
2142
1560
1437
630
720
684
1413
1143
342
819
1164
1938
996
1653
2172
3726
1599
1512
1728
312
1605
2169
984
2334
2424
1338
1134
2652
1692
1047
3081
576
192
1128
579
1149
2544
831
2127
249
504
1548
891
1719
2418
1026
585
339
1515
2091
1590
1686
714
3720
459
1425
2793
2265
636
1614
2439
1506
1266
666
525
1608
1077
1413
708
2898
1407
513
864
855
1845
3420
789
642
1827
849
1410
1299
2256
1185
1515
1779
1506
633
291
930
1680
603
3369
2115
1581
1137
612
381
1749
1305
513
1032
1566
939
3078
3795
4143
837
1086
678
699
459
3111
789
2580
3381
2694
1857
486
1023
2073
1656
387
2862
966
846
1989
1410
1836
3309
1479
2196
1386
1149
4884
1029
858
699
2757
396
1011
861
2826
909
2280
390
774
561
2748
2865
981
825
789
702
204
9831
795
783
3018
309
381
2715
1191
1863
330
687
1416
1713
1044
303
3417
312
1203
2871
2037
648
2682
4695
1923
1629
1596
2727
1809
1404
438
1008
1431
1242
1893
2799
921
1056
819
1953
321
1572
1650
1413
282
1776
3762
1071
483
795
618
3750
699
2088
1098
822
1722
756
660
1080
1167
1386
1200
798
804
1038
894
1896
1425
1098
1236
4104
1650
1644
447
588
510
816
1797
387
1563
1122
2448
1320
666
3000
3429
597
1482
1305
1482
1398
954
387
864
1713
1548
753
3414
990
873
3024
1020
1497
3063
1134
615
768
3735
270
222
1821
726
1335
765
867
1164
984
747
738
1194
717
801
285
759
1452
2082
858
1167
957
693
1086
660
600
1362
1140
1749
783
762
684
1500
507
1500
1752
1524
1386
786
1095
495
1731
963
273
1233
1365
1095
1008
2445
1122
1392
1344
2667
1746
1071
468
216
894
507
408
381
891
2847
1902
390
3117
2505
3375
1395
411
1758
609
816
1077
315
1239
1608
1002
1611
939
1197
810
897
945
858
417
1323
231
321
3048
942
498
972
1518
330
1074
336
201
1470
1278
813
1365
747
4299
288
282
483
348
723
1572
1251
330
711
483
1566
1359
1449
2715
4239
1563
471
1152
447
258
2100
3162
3738
1446
954
1728
1248
495
750
351
732
555
1440
2697
936
1005
420
3384
390
2010
2505
1179
426
2412
1821
399
2556
645
1113
240
1236
1311
1227
180
804
978
723
1680
1356
7251
975
3768
3441
1635
1311
4263
963
600
834
1698
6561
1470
1083
1026
1092
300
1713
663
1377
627
717
1257
621
519
333
465
4233
1392
2250
351
2889
471
645
750
396
3162
357
1074
849
3837
1164
1497
1251
621
2190
648
672
1734
912
603
2682
1524
3432
684
2661
1299
828
780
1578
1692
1641
2241
2268
900
4296
1527
783
789
489
1071
549
2244
1125
834
2397
2886
1671
2175
1569
2706
1569
723
771
819
1146
696
1461
1206
2487
972
705
1005
681
2169
1875
1659
3723
1551
936
1296
327
510
1458
354
1347
939
333
399
1053
357
1062
1218
1140
4113
3234
177
1032
1071
1569
1914
1683
1743
711
849
528
1662
1209
1698
1917
1176
1422
534
435
1062
822
930
1935
1005
1218
891
1095
1038
1908
690
2991
615
249
2322
1269
1077
1245
1587
1521
714
1758
1077
1854
1779
1608
1551
696
1230
1965
1167
1491
1671
1071
822
759
855
2175
2010
2016
1134
984
1794
2148
1089
723
10857
990
507
1845
1545
1437
1155
249
486
402
408
696
702
984
1278
231
390
501
291
594
1896
1251
315
348
2451
525
645
363
852
2484
552
1668
792
273
2028
2388
933
858
279
2706
687
2994
207
390
438
1569
2244
1227
2379
288
468
402
297
1656
2364
399
738
1107
591
1221
1104
1905
3069
708
3642
492
408
588
1623
231
429
1362
1467
1437
474
507
1428
546
756
933
1815
2283
1440
1809
1392
2823
780
2556
462
759
543
552
1014
594
789
1896
1140
1362
336
1575
447
1806
348
678
1563
609
3441
528
4344
4395
342
192
1089
303
327
879
741
2148
498
1023
1080
3159
1371
480
489
1803
1950
390
537
1206
1410
1719
963
567
1572
1155
1254
1692
1017
651
966
1029
2118
1365
1995
2373
630
363
858
3315
1056
3099
186
216
1188
849
1044
2919
3264
2322
249
1209
1956
447
858
915
1572
1374
1482
1512
1536
1200
2775
681
1365
1095
1506
390
1647
390
195
387
480
2679
3312
504
1107
444
954
291
198
1347
1698
3234
894
1602
1500
1329
531
1419
1305
1143
2001
2943
1476
2625
2589
456
1044
1230
1650
1290
3081
2127
5511
735
351
321
213
432
423
333
3735
1284
480
822
636
1548
705
447
2565
1020
264
579
537
1485
504
1059
1035
1074
1035
675
213
957
618
450
1026
306
405
540
489
369
1365
1584
1236
969
261
183
546
351
888
1275
405
270
1197
1188
306
1938
171
765
1128
801
1041
813
831
1380
822
546
471
390
993
1062
417
927
1419
204
204
222
357
258
729
618
1848
618
1485
1164
1521
2019
1011
195
735
1092
1098
1257
984
675
714
2637
321
252
1278
315
252
969
324
954
330
1353
642
489
630
1218
1029
378
192
657
819
735
303
714
300
1068
450
1977
642
564
582
555
1377
576
582
828
255
291
3423
3261
750
1338
843
321
759
579
570
1446
1593
672
357
252
390
219
303
714
519
2133
1011
357
459
1476
303
3630
519
264
252
339
303
1476
456
357
2913
519
540
1422
471
264
339
303
1659
390
357
672
1593
300
1159
1275
2256
438
972
942
309
270
240
183
1323
486
942
1272
360
324
1446
327
579
516
588
897
393
999
981
942
1752
1728
570
306
1866
273
2517
1821
756
384
585
942
300
1143
834
1203
1749
1236
933
1641
1185
6153
1161
555
543
1662
1566
1398
1995
1185
3435
327
2538
2673
240
1038
1002
1752
3789
561
789
1410
861
414
789
1203
924
528
2223
1344
318
1467
294
1455
471
357
600
1008
1305
1398
2511
3216
162
3297
1908
2049
1401
906
438
1077
297
1452
2463
1044
1212
1374
486
258
303
4449
675
1023
471
792
1254
1965
2946
2949
561
267
486
321
2841
1017
765
1278
1884
1638
1947
1713
258
213
798
1683
477
477
171
189
438
195
504
1851
1782
1509
1260
1167
1164
1794
1230
1767
315
318
1626
759
1170
1656
1167
1353
1452
1134
1332
1116
1512
765
1047
876
516
702
375
1515
795
2880
348
720
663
1923
1560
219
1239
1020
345
1578
834
2289
3024
2607
741
321
3678
2739
2475
2796
354
1071
1182
879
2478
207
1158
1443
1470
1221
1446
1056
381
639
1404
3240
1065
465
1626
948
882
1086
1356
1197
1569
993
687
2301
2292
606
771
432
711
1356
1539
1335
489
1236
507
1734
1224
672
915
360
2226
1989
1227
1581
1524
3150
3114
3669
759
918
1938
2784
945
645
2586
3144
369
1368
1539
1368
552
1293
1680
897
360
1305
3267
1398
378
657
3762
1614
357
1215
711
1245
1818
516
1215
1779
1779
1290
1758
447
246
300
792
4203
3471
273
306
471
1773
4731
2064
1179
1104
597
3162
2268
900
897
843
978
990
855
906
318
561
261
411
1164
249
1665
1215
363
1170
1254
939
1608
1050
1794
1128
1131
1044
3228
744
462
1659
522
3870
1677
1959
765
714
1287
1005
570
432
168
612
1347
630
684
420
1536
1170
486
696
1662
714
1467
921
2013
1344
2340
1671
2451
561
834
3324
1638
3924
2442
363
1020
699
2190
2070
417
1344
1092
597
1137
729
3822
1167
1224
1350
1296
1395
756
1911
837
519
4101
4155
2583
993
2556
1728
1398
1122
258
3789
3255
666
414
681
1251
2310
813
426
2310
2310
1062
1371
522
2994
873
1206
975
1035
1851
1992
1134
669
579
639
564
1413
858
567
504
1158
306
1257
1539
969
2310
804
2247
4356
3465
354
825
1527
1119
339
873
1824
1554
1902
450
687
1116
3282
2103
864
6243
468
876
357
813
333
1182
1137
1353
1008
333
1449
819
2145
378
591
924
1473
1308
762
1836
525
2061
480
3051
357
819
1605
717
612
654
1881
3468
1335
636
2157
1407
3741
675
3003
2871
606
1341
936
921
366
3267
2772
2616
2358
3039
1323
2007
1584
1506
588
609
3120
1062
1788
5766
2937
1209
1086
1590
831
564
780
1185
1251
1704
957
774
993
1026
1656
1446
1050
420
1257
309
966
348
723
354
498
2061
1431
4860
927
1299
2880
792
1062
3201
1641
1404
399
987
1095
648
3171
1752
1329
1212
1278
606
792
330
1395
1269
1056
321
1455
465
306
351
288
1326
1038
1779
1128
1590
1542
729
798
849
912
2562
537
495
354
1110
1500
771
768
642
1620
1218
798
651
1662
1770
318
384
1128
345
1233
1740
1959
1506
1782
303
1332
729
1053
1026
1095
882
543
447
426
567
300
936
561
402
399
1947
378
2013
1656
1557
1743
939
927
135
135
1617
930
1260
423
576
297
1404
807
315
465
441
264
405
807
2259
1296
1446
537
861
3759
3564
3348
3333
2922
4038
4041
1080
1488
408
1077
219
2070
237
1596
1320
861
525
2349
369
1617
475
828
2142
1386
528
648
2904
1101
1158
681
1077
2286
486
1509
4128
708
186
594
537
903
2166
564
1782
567
2499
606
1584
504
1110
915
1305
1497
312
555
228
1602
600
678
501
450
813
573
1230
1242
1422
873
258
711
648
1419
2922
684
2619
1209
705
564
1182
810
666
768
675
195
1308
243
4527
1014
444
573
495
930
1011
2598
552
771
630
1239
1590
2400
1455
1254
309
741
2832
2391
402
795
225
624
504
1032
507
873
468
3627
1800
618
1803
999
657
678
762
1011
666
1080
837
1506
606
1437
2571
576
2514
408
636
159
2673
1017
657
564
1083
741
5748
3360
1758
501
3033
930
2631
492
1593
3117
2985
2748
1185
498
1347
633
498
426
678
915
1956
1668
432
1656
1233
2565
1584
564
1080
1878
846
1011
2022
1335
1950
2055
1776
375
789
1254
1134
1047
1938
1818
588
1467
564
372
684
462
372
573
2916
2832
2460
2154
1131
438
2943
2688
5454
549
3162
2844
291
1677
876
663
1878
603
3294
2367
2022
1464
1311
1329
1293
873
2547
1911
315
1116
1392
912
720
2466
936
1347
3264
1770
1218
1848
1500
10530
1425
1317
1506
2691
423
609
1569
1893
645
918
1890
2496
2202
645
1128
4380
2448
258
804
1797
1356
306
1284
1062
954
726
222
2292
297
432
741
993
726
531
1452
2520
774
765
1575
1125
1212
1320
1119
2898
1800
1656
594
1278
1956
924
1602
2685
972
417
774
744
978
537
1206
1221
1500
1137
1623
8484
852
846
819
2544
1377
1614
1266
921
1938
702
789
2361
1011
1107
1068
1095
1425
2298
354
1800
1269
669
2124
2250
1608
2079
537
1029
429
444
1650
1983
2073
1671
1887
696
528
1473
654
1446
735
1584
1386
309
645
1326
1116
315
1668
453
1272
3147
1755
1479
735
2964
1746
1836
936
603
1485
4062
1902
2298
939
1176
1683
3930
3531
1383
285
2904
1992
693
1206
783
1101
477
951
1233
1752
2667
507
282
654
372
1473
3108
351
1671
2526
1341
405
2598
2781
1344
714
2337
546
522
513
948
1104
654
876
1149
1257
1101
615
2367
2151
741
1035
729
1227
2934
675
378
525
867
369
939
1191
1551
1260
1743
924
696
2388
1731
1470
1173
645
1599
1983
858
1074
762
2034
1830
1488
246
1509
1224
912
1275
2082
1347
1155
1221
981
2157
1143
1410
546
1527
555
1827
2355
1791
834
1065
1863
1641
1170
1668
1740
1212
627
2409
699
405
588
393
252
1365
231
1503
441
3462
1467
1125
1674
1080
240
2571
336
303
1419
375
285
705
678
1098
675
342
1434
1398
1461
969
900
156
1263
2544
1278
318
1641
1236
1425
2949
849
2910
945
1854
3537
453
2496
285
309
792
855
450
1104
1710
3516
1104
324
396
942
693
429
1041
999
792
2433
834
996
432
1947
1335
2367
3897
390
1059
762
663
2871
3678
2763
3138
999
642
1035
717
384
219
1050
774
5442
2907
2820
2688
768
744
1035
1839
1749
2400
1656
3579
1476
1737
3423
321
927
942
972
1089
285
1311
1188
1185
849
1800
525
1314
1236
1884
1086
1227
2511
738
954
954
729
1083
669
3645
3570
2190
2637
2364
261
2238
321
339
1602
1614
561
1938
1014
1884
792
1230
1086
1002
732
1014
831
609
1602
1614
561
999
1110
858
942
1170
618
480
1101
201
792
7134
2679
939
1761
993
1311
183
315
768
222
1410
1005
1884
1359
1692
1659
978
1050
2052
441
234
264
1983
633
1659
1110
1290
3225
2289
1194
468
441
579
2388
1944
1443
1518
798
717
3225
3138
3135
3027
945
537
234
483
1428
912
1491
921
900
1161
1221
1068
501
741
261
261
1017
1503
1923
447
2517
1551
459
513
357
633
936
2016
2778
2673
2901
1020
312
522
2553
8079
2829
1212
1023
738
1656
1104
936
1362
564
789
885
450
2742
2934
2367
1578
2115
2217
267
1398
711
1083
1245
870
1362
786
300
474
3540
3297
2280
1107
2943
2958
2004
2586
1164
1158
510
906
333
360
312
654
1488
852
1239
1107
2190
912
975
465
342
1164
1788
3072
1797
798
969
444
4590
291
813
621
2283
1749
5949
810
3357
597
828
333
2355
2073
1617
1338
1485
1512
1038
1404
1458
1371
300
1107
6099
924
1203
579
555
597
354
1632
1104
1440
2298
1290
2376
954
2796
1368
1260
1506
525
1095
2697
486
330
1191
843
3588
3477
927
573
999
303
177
1599
1182
531
981
471
966
1137
885
1545
2688
2946
1188
753
1023
786
468
693
399
2142
1458
1626
2010
426
375
675
1239
1815
498
498
492
2979
942
771
1023
1572
1092
1239
1200
339
681
312
603
897
744
1356
702
1905
240
1107
963
285
1206
552
903
705
291
687
414
1443
522
261
429
642
231
2199
2268
1470
1098
816
1248
1254
885
318
1704
6330
6438
4851
381
966
1473
2658
366
3369
675
1239
981
1338
882
321
759
354
354
354
1602
315
465
1617
207
2436
303
270
3117
372
564
1389
306
1347
228
204
3165
357
585
1674
303
3630
504
315
1848
351
1515
1860
3549
315
879
1305
1023
741
459
330
498
756
252
264
507
228
633
924
1371
573
321
549
633
438
213
1992
1866
300
1224
501
1998
567
1281
1707
663
723
252
1836
900
435
1050
1113
1698
630
1803
1569
612
1851
339
693
315
312
888
1797
1539
1737
1734
690
1644
1002
813
594
606
1794
690
858
2736
183
525
2631
528
795
2004
327
2058
1839
3921
672
207
903
804
1788
3768
375
1596
1914
3114
1341
909
1182
270
1365
1602
774
2577
1116
1116
4458
462
462
1566
384
1374
1635
999
657
468
1629
1224
921
1005
1380
1536
1530
432
678
258
669
597
543
411
1086
2481
2355
876
654
1296
828
1104
5574
1404
1395
423
2154
951
1134
1809
702
1392
411
1536
2019
3162
1197
1137
1095
525
456
288
1311
396
855
849
441
1014
1563
390
321
1014
1014
1014
849
387
243
1122
690
162
960
1302
1422
2064
1395
1185
990
1332
1140
1479
1041
2688
267
1419
603
1320
306
2103
1347
2589
510
474
996
978
723
1470
1029
1149
420
1263
1287
1587
927
840
660
1233
1308
1884
315
849
219
1134
708
1287
192
1539
396
636
1305
819
1824
558
600
1050
15165
1659
1008
408
426
1572
408
396
1539
1203
549
1494
1041
2238
942
1158
687
225
864
1287
189
591
1614
1686
864
2427
1431
576
579
516
1134
1047
915
828
579
519
363
915
1134
1113
333
372
1311
585
504
1890
1005
870
2532
1890
354
648
1245
306
1077
1230
1914
369
612
1488
732
756
897
1179
204
720
987
195
1584
3780
1368
420
1005
1728
258
642
2787
1875
2208
1047
1098
699
1068
852
1629
201
1647
594
903
1305
951
1161
507
189
231
324
891
747
489
1224
2634
684
984
987
1008
732
1170
582
3738
1347
711
390
3426
1824
402
1287
1812
1506
318
633
1374
2421
1515
3516
678
1272
171
747
1092
771
3876
3903
3198
2385
1551
1014
2913
687
342
1359
1347
189
2637
2334
1431
4050
564
345
2616
1995
1707
4257
1164
1398
1566
1713
1299
906
825
759
951
1458
834
738
714
3351
1515
450
321
1224
630
657
1185
2190
1164
798
537
615
3771
3189
2433
687
1713
498
456
933
1305
588
936
408
354
669
1710
1521
1074
1578
2502
984
1005
516
318
801
3918
576
651
1605
1248
6357
5694
4908
789
1149
756
2595
267
1785
1074
930
606
576
714
315
918
870
1251
1719
2511
1404
276
1794
1692
585
507
1968
1713
816
786
621
756
309
3051
228
891
651
2433
2469
570
3933
528
1377
582
699
549
2001
993
522
651
1347
1347
1008
1296
957
939
1167
468
216
2400
936
3411
1518
900
1515
735
1740
987
765
2190
3480
993
375
555
972
924
1083
3945
1662
1128
1662
906
3024
477
153
1161
252
1011
1383
2022
1437
3456
3756
915
1176
1320
1137
1407
369
711
891
1287
723
351
462
207
519
1878
1563
1215
237
627
1329
2595
321
1557
2205
1410
1776
1419
777
966
1617
1449
1518
1032
171
327
774
264
1308
1155
351
303
2271
894
897
714
1914
1104
453
2064
1758
699
795
3177
501
1032
1491
849
252
444
2355
1536
1773
1416
1434
1740
2250
1812
1752
1593
1323
1113
1368
1347
2529
2556
2556
516
1851
537
1839
2571
2637
2049
1068
990
582
480
435
276
1134
3207
1092
738
1917
633
1353
819
183
351
3216
7062
2049
375
4695
864
621
1071
1947
2403
378
1110
1563
1677
1341
3129
444
549
252
264
324
1902
3015
351
960
966
315
753
891
1137
3402
261
5760
1188
894
1104
831
417
1713
1959
3582
3273
1203
498
393
540
1218
537
456
753
612
1605
1344
636
345
648
3264
3618
3876
3126
1008
924
1347
2310
1302
1518
1644
2232
1137
879
1044
1266
1266
972
1923
1005
1095
1059
1068
3135
2805
1074
837
1131
1548
1527
1164
3003
3345
1944
804
948
1860
1158
636
1095
1677
390
1524
1317
972
1311
2463
168
3234
1032
1923
1401
1491
369
354
177
651
801
2580
1050
396
297
2985
2949
804
993
3015
1716
171
1479
1260
1131
1290
432
315
489
3246
204
300
378
1392
1476
1839
3615
933
1137
1017
2571
828
564
1017
1164
933
471
204
2667
444
288
2574
633
1263
288
1215
1257
1698
948
225
759
363
1227
4566
3705
3876
345
396
834
432
717
1023
1008
642
507
246
2160
2568
312
1338
267
4146
285
597
411
480
333
2178
1419
1722
885
1308
327
651
1449
765
1431
765
726
252
306
1116
1458
915
642
1467
201
3456
3063
1260
840
777
1776
1476
957
570
477
1086
2793
909
1023
1107
810
621
1683
1455
2223
1674
1443
1377
1575
432
1155
312
612
897
411
516
1653
1509
1434
786
2376
1602
327
531
999
462
2691
366
876
1962
1797
1758
1419
1014
867
441
1134
1551
633
450
1806
969
1278
642
549
699
966
426
1275
1599
1800
885
2619
672
2025
1506
1800
825
3240
789
534
345
1344
1422
744
540
438
762
6039
2007
1323
1410
585
1434
1581
498
621
612
348
984
774
2202
1014
624
318
366
1536
1305
1185
1995
1641
1785
1353
1509
1161
549
1197
525
564
1587
234
843
513
543
774
1047
804
618
1587
231
225
591
1053
1230
936
489
483
1611
1233
735
477
336
3453
2748
489
633
489
1107
933
1308
948
1038
864
336
2112
543
465
1530
804
576
594
768
594
1017
1896
786
648
402
285
1431
1596
348
1038
1188
882
1257
465
774
402
423
1074
606
543
1485
591
789
936
834
819
1557
579
228
1116
420
1029
1212
909
1182
1839
486
1698
423
792
354
354
1239
1371
573
321
549
633
423
438
306
471
564
201
201
447
291
1065
810
627
456
423
339
1038
480
450
1299
348
3003
768
510
729
1569
1542
2412
1662
948
918
546
1119
951
1095
771
831
1005
423
678
753
963
315
906
309
1482
303
1230
1326
822
426
225
1416
1524
645
1194
870
1122
399
264
588
1011
1137
1551
1356
1986
1011
159
5451
657
1839
2208
1176
240
450
504
471
447
429
549
3330
2658
684
462
660
1143
654
498
657
927
1158
2340
846
588
300
1023
303
474
321
2340
2166
1350
399
363
1233
1239
309
156
2862
2778
1104
534
636
417
318
210
1566
1149
1083
1341
336
1032
1314
1035
597
360
285
1242
594
903
321
873
1491
789
4011
408
1926
420
1344
171
990
693
1662
480
813
1638
342
3213
282
2259
1650
456
4332
609
285
3603
414
732
876
1242
717
909
735
501
441
1389
1206
1620
4281
936
1143
3207
5508
294
1107
498
699
762
351
627
987
1122
567
1254
1206
489
1335
801
522
867
1416
1218
816
522
945
816
948
525
795
405
402
966
528
774
621
804
759
924
954
723
774
624
669
531
1473
1434
1761
1026
1959
2316
1320
948
6105
765
867
2820
567
1023
954
1173
1005
162
879
1587
558
936
3036
843
846
354
1422
801
2547
831
234
363
528
369
291
279
894
1488
2610
1716
1416
1629
879
312
708
831
1326
1998
2469
1701
627
738
906
3711
1218
2463
1263
798
903
1407
1668
1293
1251
1083
267
429
1839
309
1239
1053
264
1089
228
744
720
2922
639
2391
3024
2592
1113
819
933
630
1077
1578
1290
1011
237
978
498
933
2346
384
1104
2238
2283
1317
840
1368
783
882
1263
1599
432
2262
1134
1044
2340
378
2412
1035
729
753
1509
663
255
1410
1857
954
1176
882
834
1383
273
4626
2775
924
1176
1089
1107
2415
1473
1299
1407
1002
1302
1167
942
870
1539
522
345
2760
1035
669
1197
396
753
207
1932
831
786
651
1554
345
1017
1515
4386
375
258
1404
1629
153
1734
1098
261
522
2121
231
1446
1746
570
1278
1359
849
603
831
1488
1038
714
1596
1626
600
1743
318
1446
231
945
1266
1227
1101
1035
2463
2940
2556
2664
297
759
2259
1113
417
459
432
213
474
1017
3447
699
2292
924
2295
234
1047
2478
816
1032
1344
1854
1590
1686
1554
1647
480
174
951
1020
1248
1167
1572
495
3033
996
819
942
732
2841
930
1668
1656
1770
426
495
1272
2052
1218
1206
873
1899
351
270
1089
2958
774
1467
1461
1362
1332
573
711
1128
948
1581
882
1134
1533
765
1725
510
1836
1299
675
1656
846
1089
1149
1545
1575
1629
915
375
378
768
738
807
1260
984
951
1005
594
3096
882
654
273
312
1722
1143
1161
1416
162
1872
456
1047
903
939
786
951
972
1140
1395
840
570
984
2118
762
318
1248
831
2931
1650
1695
879
1368
11808
1200
900
2493
342
2001
1908
1107
1029
363
2961
1218
354
360
1830
1860
1338
1146
1962
1278
2451
702
336
2364
2079
2403
1452
1716
1509
690
906
654
3663
4641
438
1599
1179
1203
1698
1998
510
339
675
279
1188
1236
1311
1161
1164
2718
1665
546
648
759
4122
1149
693
483
573
555
465
483
381
546
1437
2004
1191
1356
960
1008
585
1761
2268
918
1320
1422
507
795
231
2235
1233
351
1293
591
780
324
1206
558
411
201
2940
678
1602
1731
1284
1377
1191
1602
1014
1164
1611
933
720
966
303
417
1410
630
888
666
1149
1320
1278
360
876
1200
1227
4107
1452
1890
1341
468
717
1320
1179
1845
753
993
738
708
1362
2421
1206
579
4284
1800
1965
1815
1581
567
1257
2571
462
435
2310
1701
1296
2430
1161
1314
531
945
2430
2103
1695
1698
468
1821
531
474
429
2313
1944
624
7041
237
1674
1185
1179
273
645
1071
1452
2937
426
2199
1578
1113
918
1833
1560
1206
1050
933
1560
1554
1635
1188
1185
3219
1434
990
1443
747
798
759
1650
1458
1833
1569
4281
1692
1812
1707
1707
726
1080
1872
1917
1074
294
444
1263
1650
942
3186
867
333
396
552
552
1014
1626
786
462
1425
1707
393
2568
615
555
777
717
2982
696
810
951
300
1044
870
789
582
333
1446
1392
1068
1584
1581
1197
1245
1311
1431
1236
816
1542
573
288
1176
585
189
1488
1632
1680
1164
1611
1755
2838
3171
1389
2172
1434
261
951
363
1059
390
1269
1479
450
285
2127
2613
1977
2676
3786
3252
984
1989
1887
1245
1302
405
495
1200
1695
1296
945
1431
705
2499
1608
1269
693
1575
1248
1710
1035
639
1002
258
345
570
729
969
1509
978
1080
432
495
1056
576
468
375
1488
708
1623
1137
2250
987
381
213
198
1755
1089
2802
315
1593
282
681
1374
1797
1518
618
468
594
3738
1380
897
288
258
1230
1479
666
663
264
801
3720
864
693
642
1647
1506
2595
2187
627
576
882
1641
1371
1401
1296
1221
294
918
1632
1083
363
1779
1635
1767
1392
1467
1584
861
1812
1551
1605
309
450
855
807
1206
3198
1431
1320
1251
1968
1059
654
639
1308
1281
399
1908
1668
456
1491
1308
1341
822
540
984
3255
321
252
258
2457
1848
1035
1584
660
552
252
1668
321
2790
1857
1278
969
864
1680
396
444
453
951
1362
426
366
309
516
456
1797
1401
1332
882
672
771
330
735
1188
2508
1851
1464
1035
747
1980
1068
1041
1008
825
768
258
858
2478
2154
1647
576
1194
396
345
2442
354
279
516
1836
1602
456
714
1104
1446
1374
1224
864
909
1017
753
753
1053
861
843
354
1575
636
1131
975
819
1164
423
276
444
456
645
3006
939
624
687
1212
960
1110
1212
249
1272
882
2682
2340
216
468
264
375
1152
1239
612
216
165
210
369
2559
2145
777
162
999
447
2208
2043
456
2211
1293
1317
825
2085
2964
3465
642
498
426
642
963
2643
1095
309
720
531
945
849
624
219
648
609
1197
1407
324
711
2412
549
327
651
783
1365
834
615
1068
921
273
1911
1920
1089
354
1914
2931
1989
798
1101
306
4635
552
396
774
1356
1125
408
357
825
1683
2292
366
1152
1539
816
2250
357
1080
1080
2481
936
1059
873
594
327
354
618
447
1047
387
3234
279
2157
1035
1230
396
690
2994
2889
1950
1629
1638
570
582
1356
423
1809
873
1056
822
414
579
882
4194
1362
363
1347
564
2082
936
1275
1212
423
411
969
4485
1674
3075
2760
627
1350
963
1080
1656
1314
1605
1116
2268
324
516
2784
2634
351
405
642
1026
1314
2187
1617
1404
300
1233
1278
309
2271
177
819
933
1503
345
756
3198
1143
1794
294
450
1578
1005
612
588
1053
3849
318
918
2181
1425
3036
534
366
891
1302
480
441
768
1494
330
1578
426
537
915
291
594
711
1104
993
1047
1050
1002
1158
1833
423
1257
801
246
255
450
702
2610
996
1620
2379
597
834
1638
756
588
471
432
1557
864
888
3351
1887
2001
2853
1449
186
333
1167
978
1794
255
768
477
3243
2661
1671
1815
381
681
363
399
471
879
891
660
945
1629
2574
1110
525
2271
540
1227
963
1461
1752
474
1830
645
639
1179
5877
5598
630
1188
1191
414
1893
510
2442
660
1221
1374
2121
1965
1398
1566
1119
1536
969
645
576
456
975
1404
588
1230
1191
2217
678
834
981
1440
1077
1605
906
1248
516
1041
2271
1677
1896
1704
1713
1200
927
978
1299
630
933
2079
3690
555
264
1053
2973
2493
2610
2346
4119
180
927
2907
2490
2265
603
1683
4494
2841
1815
1416
1509
1434
885
1368
1488
1329
618
780
900
609
828
984
732
1125
1005
1677
2004
1590
381
489
6606
891
705
654
981
1182
303
987
1320
1260
1248
1113
1311
1623
3441
348
4521
1434
1323
900
1293
723
753
858
996
879
1401
825
2181
978
954
939
1137
1041
1449
873
1080
1914
3318
3333
945
354
504
1398
1182
747
624
549
990
762
414
852
1374
1128
885
1803
1215
1650
1422
4335
627
420
924
972
672
858
804
1080
1281
1899
1137
1017
468
1626
1395
1617
1071
519
552
1230
2604
1005
843
876
1083
1083
2463
2079
3600
2097
1086
1326
3168
1032
999
2679
2355
468
204
2826
798
1155
834
900
867
6009
426
1401
7149
7095
516
4674
1878
1092
627
618
1701
1056
1017
987
708
360
972
864
1269
1707
1455
879
435
1800
1683
534
645
519
918
954
435
1155
7044
3480
1782
372
1731
1452
630
1146
984
447
714
1500
6924
156
4038
381
2916
3432
471
2913
2286
5190
942
3135
1149
1020
720
1164
1050
1566
1080
1092
1320
744
2838
1722
810
1875
888
768
726
1236
1104
2340
2364
1722
1491
1203
1485
1062
1767
5289
1197
3135
2790
1068
1065
495
390
306
639
1494
813
3510
1473
1395
837
498
1212
1014
861
993
864
681
504
2280
6441
1689
2406
1398
1467
2394
2385
1968
1344
900
1290
489
966
2019
2166
834
2370
804
1659
663
1191
1155
2187
1920
1761
576
621
1869
1317
261
2433
2292
1965
1824
753
939
1260
1395
384
285
3183
2025
1158
636
1965
2106
1146
1386
624
3321
6552
582
1047
3423
327
798
1857
2469
471
2238
1845
996
405
1485
1341
861
2529
888
2016
660
1305
639
927
1029
2919
1281
423
1002
1395
1434
1158
1164
525
3603
453
537
687
2028
5787
5487
5055
1074
1044
2952
3339
357
1068
1152
846
921
1878
1050
342
396
1296
4011
1707
2094
3723
2436
174
675
1161
387
300
2112
1005
2877
1029
840
738
981
702
6489
1515
612
2811
1329
1413
657
1419
2115
300
783
783
222
744
2553
318
408
360
1758
528
324
990
282
1434
1551
873
2001
876
777
483
2322
3744
999
762
3033
693
1119
618
1059
1212
1383
1164
1152
1374
813
4437
774
1143
1014
2529
2337
276
747
324
807
3204
810
1626
2565
1272
2313
366
2202
2283
6285
1452
1116
900
1596
1227
1362
444
318
825
2037
534
2343
3891
543
345
1662
906
888
1314
1857
3879
2709
2442
2427
1866
384
318
444
1137
1104
1098
3075
603
867
768
1095
1134
762
2505
1149
1185
1509
897
729
2115
1689
1851
3477
1338
1005
435
639
441
336
798
2574
2148
5544
1341
1368
1854
1470
1461
1773
762
1455
735
876
1197
1281
660
2226
1569
753
1251
2484
537
624
459
315
528
2058
1275
3099
609
615
723
2013
1974
1590
1551
417
615
4275
579
738
2295
375
588
2562
441
1194
912
1179
627
1116
2355
366
300
324
1146
2427
4803
531
822
2175
240
510
552
384
1845
1179
930
900
531
1182
1392
270
1713
384
630
1425
2784
2388
2484
1887
672
753
1602
3492
1122
264
585
471
1620
531
207
1395
1365
456
384
2061
279
2706
612
576
684
576
576
897
957
1716
1596
939
894
768
900
2250
813
1293
420
312
378
1401
2133
1494
1512
1323
2340
378
918
1233
1932
477
537
1287
357
570
2556
1680
2727
3468
2460
1275
831
3009
2046
741
765
1482
876
2817
3879
576
1797
1065
864
825
819
2985
1494
1578
189
1971
1341
1404
1524
894
1839
1122
2370
639
414
897
1065
3219
555
720
810
1839
1665
2142
966
753
1104
831
996
1557
1359
663
1845
4620
519
1044
738
384
918
3258
2565
2307
3618
699
2211
2133
915
2559
579
834
516
978
1575
681
654
690
342
603
885
957
342
744
1437
522
603
1011
786
1146
1077
1737
348
627
690
534
1266
1827
843
2106
2649
1212
2910
2151
372
300
2019
351
1617
291
2109
405
1257
3561
1374
726
1968
282
1248
375
1215
2619
2259
399
414
2262
1410
1578
4086
1308
984
627
450
924
309
348
480
1131
1551
1629
360
417
1188
795
1317
663
849
597
783
1065
480
372
666
648
732
663
993
171
501
909
540
549
414
1020
585
1527
912
1782
930
3639
507
357
1419
921
267
708
3372
723
741
4209
819
1920
495
789
1035
1047
489
1416
936
1299
894
531
2718
891
687
435
381
2952
300
3495
729
1251
408
2064
318
1026
414
1326
1194
774
1629
1617
1635
2685
1119
435
1956
540
300
660
1509
159
1308
1074
825
945
1314
1116
1449
3168
2505
438
318
402
696
786
2652
1827
1356
1290
399
504
288
285
1194
3876
579
3747
3795
420
474
1137
1449
1305
957
696
894
669
357
1128
1779
1440
1173
549
1428
990
786
363
567
1254
729
900
3609
1647
384
1212
1257
1857
216
1401
1599
1137
1080
1425
627
714
735
861
1638
1473
1590
786
1305
2706
1179
1104
159
1197
1650
675
312
1359
459
186
432
210
606
1542
1158
1941
1095
1191
984
1032
1119
1014
1011
333
213
1122
1638
1056
888
516
717
501
546
1704
1620
1968
975
1260
1365
894
4173
2088
1140
333
537
1272
519
504
318
2595
342
684
402
588
1320
1245
519
2193
684
831
1032
375
453
1359
204
576
1002
1623
609
435
651
534
2766
312
1581
879
1968
348
1425
606
447
849
852
5982
1977
1164
582
2085
948
1695
1809
1479
1659
1842
1641
1443
543
942
1758
366
1902
1083
3033
858
1413
1821
651
888
327
1077
1266
1920
2724
1605
1179
1032
1032
2850
1032
1629
1764
438
2148
759
2076
1818
1032
780
567
2184
2061
1341
4908
1650
786
780
231
201
741
156
1203
594
1995
1266
1029
189
1512
1242
375
339
570
723
426
351
750
423
348
522
1392
435
294
1197
423
1428
438
690
579
1050
195
420
1893
345
576
369
234
534
249
315
585
1521
282
1464
939
453
525
1155
342
918
765
1227
1200
1011
738
840
957
621
270
684
1611
585
1278
210
462
417
324
345
1911
1572
321
684
1257
1551
390
762
468
390
720
1212
1506
456
201
2325
417
1572
1566
1533
1926
1305
234
432
1248
2031
1965
1962
2193
189
1200
1491
1635
1641
984
1419
450
2955
1077
1425
543
570
615
849
1653
252
1629
1404
489
462
303
303
1647
681
1362
357
189
1647
1380
399
1137
1557
693
1248
3300
2013
1329
873
2130
894
285
252
774
2130
2538
621
1506
228
1083
846
645
1083
2319
2319
1593
948
312
270
519
789
1143
2229
432
393
774
669
324
1326
1887
399
327
927
1119
1143
927
1368
2319
1911
1626
1098
2142
996
465
714
2289
660
378
393
390
2868
285
1107
786
666
1407
1470
2268
1032
753
1620
723
285
405
1068
927
465
1245
321
453
3174
603
819
477
429
1782
1497
294
1560
570
1143
1251
3255
819
567
753
1545
348
1500
966
984
2454
489
1728
888
312
411
546
1425
3417
1692
3621
7125
6801
1755
1497
633
957
612
489
783
2067
1377
1338
1062
4395
3009
498
312
795
573
957
1131
1998
2121
1761
1281
786
1530
1290
405
2187
1626
2250
2481
1773
1155
1167
966
2256
2292
603
414
708
1059
1194
1164
1962
1683
1806
3822
597
906
840
1365
777
912
690
1329
570
909
1851
882
678
945
984
561
438
2088
1470
2661
2115
2340
1371
1503
1263
402
627
603
897
666
519
390
318
246
1251
843
516
363
309
1140
177
633
1086
486
1071
1272
963
243
678
2187
831
1527
1275
912
615
4455
420
1545
1701
3345
624
447
600
687
783
702
2310
495
2382
1869
5712
408
4548
888
261
534
1008
1494
2211
789
726
2526
216
387
573
594
1344
1785
2529
894
1767
3045
891
4761
2895
5730
1791
969
861
2205
312
498
924
621
1941
1716
1227
1434
2016
2433
2469
1311
363
1032
1437
1371
189
1338
333
2295
2250
399
243
153
594
2421
510
1248
240
3237
1164
1467
1536
1092
1266
2421
2526
2496
3168
3174
927
825
825
1680
1368
2019
9111
7755
6318
1110
1110
498
162
3423
984
2373
1947
1086
3012
1590
870
2130
1032
3369
420
795
468
1725
1725
1020
318
3462
2496
1809
585
954
726
1221
1008
1917
375
1722
1437
759
1503
1959
2934
1230
729
420
1188
963
1887
1368
1623
567
606
2070
1038
2562
2337
1368
3156
1623
453
615
492
1110
1872
1173
1248
2877
333
5745
1389
1389
2370
789
1989
1659
870
1122
894
279
1245
1164
1533
681
480
1497
249
3507
1302
2247
1215
1200
1122
1893
2859
336
828
1008
252
1242
1338
2001
1650
1677
408
372
1968
1440
1626
1884
402
1818
2271
1833
2034
1749
2016
975
2064
714
1776
276
525
1986
369
465
3648
1938
783
663
3975
2706
399
411
2847
3099
2409
462
2421
3240
1422
1035
300
2739
1995
981
1644
1146
729
2259
1710
588
216
2661
921
6687
2160
2256
1365
1284
960
897
708
1701
1239
1545
573
1572
1047
480
408
1212
939
756
1146
5361
321
594
753
549
1122
2631
504
1524
513
1065
177
744
1227
960
1392
1329
375
360
399
843
963
768
318
1092
1626
1512
906
2763
2109
1923
188
1836
744
534
1680
1476
1128
2427
333
2217
1527
348
3000
768
1956
1383
1545
1443
1008
1770
660
738
642
828
318
318
1002
1335
1197
849
1026
1968
1524
480
1071
342
3012
1380
4275
804
2781
1173
1056
237
1890
744
528
6000
300
1320
1431
837
1035
825
219
426
1443
795
312
1032
999
996
1791
831
1698
813
477
1032
906
894
894
1422
1419
1248
1449
1194
1038
930
780
2301
354
1176
2286
915
267
312
1344
5223
450
321
891
708
531
498
1059
657
1440
972
987
627
678
648
1800
3210
2439
1614
1089
2604
1737
960
357
726
2625
1044
1257
1593
3741
939
618
3063
951
1032
4989
1029
1443
2298
2907
2916
2304
3177
2493
1662
1176
3744
1554
1374
1563
1179
2718
1140
741
1950
1968
1386
1326
1125
891
1122
2454
708
696
495
1314
2628
288
342
597
459
4824
2484
312
1038
807
1011
249
531
1464
177
906
1848
2058
216
690
1458
1065
1425
642
546
489
705
519
588
954
714
741
1161
1941
1119
1770
1311
1722
1101
489
1362
177
1314
333
651
1488
402
999
441
993
936
834
825
549
273
2334
939
1599
777
417
2142
1056
1737
2766
660
2010
2448
1701
756
828
1038
1221
1578
204
1050
1023
2571
1083
1296
4122
615
1278
414
936
2238
810
984
447
180
333
2430
1989
1635
969
690
1617
1902
1539
774
888
4125
1404
1266
1584
495
1905
699
2067
1113
324
2781
1056
1755
1041
405
2436
2169
2337
1245
729
1623
1305
921
282
372
4092
1926
699
345
1449
660
384
1104
2592
645
1644
876
1341
1032
1269
468
702
1782
2484
2415
903
1791
6081
1749
738
1248
408
435
1290
1248
1119
573
810
660
1035
951
327
510
1398
1035
1326
1371
1149
1029
858
726
1374
1269
879
753
3012
1455
414
567
633
507
1980
480
384
198
180
2544
3387
3339
231
537
339
2943
768
1056
879
1080
798
1110
333
438
2091
198
390
1545
1362
888
1374
333
606
534
228
696
2187
2217
2202
453
1653
2208
1767
1029
645
1008
555
291
516
348
948
192
1557
4122
534
210
3456
567
1902
2307
2760
1599
1164
3498
837
3252
420
1632
1281
609
966
519
819
792
885
636
930
693
1152
1527
1530
288
1047
456
414
1500
1587
732
729
519
198
873
810
630
888
321
3249
2334
1140
996
837
951
1659
1488
552
630
294
2730
1257
228
282
267
477
765
1248
1503
1074
2856
1605
882
612
990
735
1017
1497
735
990
843
321
3246
1746
3216
390
1683
1416
672
1044
1158
1290
555
756
1110
1245
405
1419
2037
462
180
216
975
1230
423
459
291
351
309
531
2079
2253
2112
1239
387
426
198
360
2067
798
903
180
261
321
585
960
1041
1242
660
204
1050
1842
1812
462
1806
339
1251
1314
483
972
1329
174
579
564
1509
420
231
435
870
471
789
294
246
438
786
1410
6507
960
399
1029
894
663
948
738
672
2535
4281
2754
1125
1068
1542
1770
1521
1800
918
1701
1014
1158
1161
4266
1359
477
1488
759
5283
1911
963
864
468
1824
1437
384
657
342
1332
570
699
1155
315
1431
1146
966
1155
549
1119
756
714
3702
573
1431
1431
1593
1602
1647
1215
1773
1287
225
165
1206
414
534
1131
1299
1113
1050
258
1167
339
783
444
537
408
1176
795
564
2037
726
492
1662
1701
1734
729
2865
801
948
1422
762
1242
1185
1113
1179
663
1716
1701
1137
1518
417
1074
237
477
549
531
537
474
1086
741
759
1242
888
408
1056
1518
549
507
894
660
2244
1293
1104
966
690
672
1317
3753
3867
1860
654
1383
183
678
3126
300
516
2979
1161
2145
399
513
1128
843
471
2139
2919
2286
2268
3999
438
330
771
1077
1359
1101
261
3345
2931
882
906
774
1050
2049
1908
2133
366
2781
2493
382
1158
600
366
1563
300
228
432
321
672
273
492
1194
738
465
228
498
1332
276
372
1221
936
1266
1659
960
303
180
510
282
417
1803
1120
1722
432
708
777
1053
645
510
777
576
1500
591
1095
1398
2319
309
1842
375
1551
459
906
1188
1668
1167
1887
561
357
720
2709
1395
1116
1578
390
2625
2718
2889
1161
1365
435
1095
1110
1386
1110
897
2322
3924
2988
759
1926
1365
1344
1197
627
177
1659
678
879
1644
792
3063
2538
1350
2289
1782
1035
1038
378
672
642
471
432
1821
2214
2043
7269
2895
930
1116
1464
1419
825
381
1578
1431
2172
510
1662
1302
1827
1656
1674
1248
1224
1674
2673
2853
936
1137
1308
477
195
267
429
1506
1173
1314
327
834
1170
1005
2223
1857
1476
1557
2988
2613
1011
1044
513
1041
270
1215
1965
261
1245
1044
1704
1026
762
246
792
1578
1527
1206
933
1989
2298
2010
4251
3087
3486
282
651
600
678
522
981
1257
960
786
2010
705
918
321
1185
1584
2577
3639
1935
1872
930
558
1275
1839
1962
1926
606
1188
717
420
879
855
2883
2247
1818
1314
522
2391
2436
2400
999
984
984
2622
1347
1047
1374
369
918
609
660
933
519
801
2055
1746
651
1644
369
1284
1449
630
1644
1395
2166
432
288
927
645
1173
816
3438
1026
972
978
1068
519
4557
966
333
3408
1917
1533
1956
1578
2274
1278
1341
1482
1926
1158
3000
597
1155
1686
1506
1281
3093
957
795
270
336
2499
2331
3018
1113
426
354
537
555
513
459
1278
579
1596
1176
1092
762
696
759
513
1416
765
822
1071
999
1908
1644
348
1269
1050
3405
471
561
1023
444
489
339
474
1623
879
1011
1248
1731
1680
1791
342
660
720
1419
1467
1761
1704
1200
1014
486
678
1647
1656
1395
279
300
666
1350
1356
255
3471
1308
1050
201
267
291
1515
3333
1053
726
1152
648
747
603
375
666
336
417
414
648
690
459
2283
1971
1359
1749
2478
1710
1890
1236
699
1152
1026
789
351
510
3240
1002
477
606
675
1128
165
1692
546
2841
1011
1029
498
795
1107
924
1482
534
465
831
381
246
1440
1155
957
1122
1272
783
1410
1095
312
981
1107
1176
432
300
1866
2508
1335
1269
1212
1938
564
1641
1719
342
600
450
303
492
702
1224
1215
1224
459
573
645
495
354
399
294
1653
501
504
492
471
1131
720
243
606
663
3054
411
396
408
705
603
3300
663
366
885
474
1476
1029
1179
318
669
1242
1467
1599
1257
1497
588
1176
861
204
210
216
636
681
207
532
399
1662
1119
855
648
2970
747
1146
1542
1305
1299
1569
678
225
1563
381
570
864
282
1380
516
966
966
1119
225
1458
855
1392
570
303
843
690
690
1266
600
207
741
459
486
987
2289
2616
2691
2418
843
231
864
795
2451
249
1071
1530
1317
1335
1878
1041
1320
1323
1215
1494
3261
717
615
2772
1041
1545
1656
1668
372
354
825
1338
351
573
267
174
720
327
1521
549
273
609
2259
1065
1005
3663
288
387
1959
1542
1479
201
534
303
735
3105
1857
405
3819
1524
1221
1506
696
435
354
579
720
207
384
348
423
420
192
921
600
261
480
2154
2331
1458
441
654
1077
1032
228
852
3756
684
657
714
1464
315
633
732
606
780
204
276
798
306
732
1371
1650
342
564
741
2097
1620
408
1008
924
684
1029
6789
981
1323
243
243
207
402
702
1167
4005
1572
324
681
1008
2004
237
480
2541
5058
984
1206
1149
1260
903
441
462
342
1536
2013
861
2511
1404
1335
1665
1410
1434
1284
561
540
264
462
855
372
1473
738
801
666
1122
804
1338
705
420
780
636
1896
438
396
210
1899
2826
495
450
273
2283
924
414
1539
1365
1566
1152
630
462
315
261
828
450
528
492
1164
468
189
1440
435
468
681
447
672
837
315
3009
828
645
564
1686
1461
1212
1407
1734
3879
1473
651
300
2256
5703
4332
990
867
1131
2277
336
393
183
465
1242
3462
939
1572
1491
1560
591
165
1635
1320
651
474
1158
318
408
5364
714
561
447
579
1230
2520
1017
1122
315
1653
1710
564
540
2394
2910
1686
243
660
1533
1248
1356
426
1239
192
177
1299
1827
4308
2325
2118
1833
1404
2310
1383
1584
978
1638
1119
1356
1401
1008
924
252
195
285
615
1368
828
3900
3189
1539
1803
1584
1224
1323
441
840
549
300
1767
621
654
2025
1956
1047
492
525
207
1110
1221
1110
1122
1278
4617
4527
4587
1026
987
1065
807
1599
1353
1965
1074
1425
525
537
1653
360
3450
3090
1551
456
339
1773
1374
300
564
1068
243
465
291
333
489
906
321
531
663
1221
1047
327
1143
423
1434
819
1080
1080
204
1131
411
1080
495
1131
1179
972
621
849
2046
546
471
336
972
156
1017
1056
1140
1020
357
1458
1146
438
393
1452
1488
468
1059
327
1758
498
1086
501
474
4062
834
1215
1719
2904
228
486
1389
1107
1065
1014
1065
981
831
771
594
1659
933
915
414
1533
903
672
1065
1083
882
783
1302
348
522
396
918
768
495
435
1623
1359
1449
405
369
444
510
360
1824
1047
915
753
1440
324
2298
1626
1587
1254
1449
1365
507
1011
963
747
792
288
978
1728
1518
1317
1335
4506
4080
4176
420
405
405
1311
1224
2979
2697
216
354
1425
567
342
171
1425
1437
171
216
351
288
243
4761
1668
1716
819
444
420
2046
1470
1530
2040
2049
720
375
285
342
348
222
1131
966
1680
1416
1362
4725
1935
1854
720
660
354
1392
1473
849
2133
3084
2856
444
585
951
2661
2352
564
672
960
1656
1083
1422
840
483
726
504
3291
912
2295
2637
2289
2760
1002
1098
1359
1458
1236
465
1095
285
1476
564
645
498
315
1467
966
300
522
1107
1140
894
852
636
492
924
897
4377
1401
1275
447
786
1560
1227
816
2292
1017
4095
2658
249
261
399
1023
630
648
1071
378
432
444
1845
1578
1656
753
1251
822
3075
2160
2244
2283
1887
1308
1251
1326
930
1932
489
441
741
1230
759
231
567
801
504
780
813
2886
3174
2526
1416
1122
852
831
319
573
1053
762
762
294
957
207
1179
1509
954
2547
1089
915
1584
2655
1176
1455
741
1836
933
1053
3150
1314
363
2130
447
225
1038
3936
3726
984
1554
3984
312
1029
1122
1464
1476
204
1425
195
195
525
471
306
183
2619
2274
2499
2307
1029
1197
477
837
441
1545
507
357
1170
459
198
1449
3213
2841
615
912
867
441
4326
1602
1110
1821
930
690
1377
1902
609
1620
1443
1377
1296
819
